2019/12/13-14:23:49.175363 70000fb16000 RocksDB version: 6.2.4
2019/12/13-14:23:49.175406 70000fb16000 Git sha rocksdb_build_git_sha:76a56d89a7740f8dbb01edabf1ea5abc95a67657
2019/12/13-14:23:49.175408 70000fb16000 Compile date Oct 10 2019
2019/12/13-14:23:49.175409 70000fb16000 DB SUMMARY
2019/12/13-14:23:49.175436 70000fb16000 SST files in /Users/marcuswardlow/Development/clique-network/node-2/data/database dir, Total Num: 0, files: 
2019/12/13-14:23:49.175438 70000fb16000 Write Ahead Log file in /Users/marcuswardlow/Development/clique-network/node-2/data/database: 
2019/12/13-14:23:49.175439 70000fb16000                         Options.error_if_exists: 0
2019/12/13-14:23:49.175441 70000fb16000                       Options.create_if_missing: 1
2019/12/13-14:23:49.175442 70000fb16000                         Options.paranoid_checks: 1
2019/12/13-14:23:49.175442 70000fb16000                                     Options.env: 0x132760368
2019/12/13-14:23:49.175443 70000fb16000                                Options.info_log: 0x7fc1c2c07ea0
2019/12/13-14:23:49.175444 70000fb16000                Options.max_file_opening_threads: 16
2019/12/13-14:23:49.175445 70000fb16000                              Options.statistics: 0x7fc1c2c03170
2019/12/13-14:23:49.175445 70000fb16000                               Options.use_fsync: 0
2019/12/13-14:23:49.175446 70000fb16000                       Options.max_log_file_size: 0
2019/12/13-14:23:49.175447 70000fb16000                  Options.max_manifest_file_size: 1073741824
2019/12/13-14:23:49.175448 70000fb16000                   Options.log_file_time_to_roll: 0
2019/12/13-14:23:49.175448 70000fb16000                       Options.keep_log_file_num: 1000
2019/12/13-14:23:49.175449 70000fb16000                    Options.recycle_log_file_num: 0
2019/12/13-14:23:49.175450 70000fb16000                         Options.allow_fallocate: 1
2019/12/13-14:23:49.175450 70000fb16000                        Options.allow_mmap_reads: 0
2019/12/13-14:23:49.175451 70000fb16000                       Options.allow_mmap_writes: 0
2019/12/13-14:23:49.175452 70000fb16000                        Options.use_direct_reads: 0
2019/12/13-14:23:49.175452 70000fb16000                        Options.use_direct_io_for_flush_and_compaction: 0
2019/12/13-14:23:49.175453 70000fb16000          Options.create_missing_column_families: 1
2019/12/13-14:23:49.175454 70000fb16000                              Options.db_log_dir: 
2019/12/13-14:23:49.175455 70000fb16000                                 Options.wal_dir: /Users/marcuswardlow/Development/clique-network/node-2/data/database
2019/12/13-14:23:49.175455 70000fb16000                Options.table_cache_numshardbits: 6
2019/12/13-14:23:49.175456 70000fb16000                      Options.max_subcompactions: 1
2019/12/13-14:23:49.175457 70000fb16000                  Options.max_background_flushes: -1
2019/12/13-14:23:49.175457 70000fb16000                         Options.WAL_ttl_seconds: 0
2019/12/13-14:23:49.175458 70000fb16000                       Options.WAL_size_limit_MB: 0
2019/12/13-14:23:49.175459 70000fb16000             Options.manifest_preallocation_size: 4194304
2019/12/13-14:23:49.175460 70000fb16000                     Options.is_fd_close_on_exec: 1
2019/12/13-14:23:49.175460 70000fb16000                   Options.advise_random_on_open: 1
2019/12/13-14:23:49.175461 70000fb16000                    Options.db_write_buffer_size: 0
2019/12/13-14:23:49.175462 70000fb16000                    Options.write_buffer_manager: 0x7fc1c2c07bc0
2019/12/13-14:23:49.175462 70000fb16000         Options.access_hint_on_compaction_start: 1
2019/12/13-14:23:49.175463 70000fb16000  Options.new_table_reader_for_compaction_inputs: 0
2019/12/13-14:23:49.175464 70000fb16000           Options.random_access_max_buffer_size: 1048576
2019/12/13-14:23:49.175464 70000fb16000                      Options.use_adaptive_mutex: 0
2019/12/13-14:23:49.175465 70000fb16000                            Options.rate_limiter: 0x0
2019/12/13-14:23:49.175466 70000fb16000     Options.sst_file_manager.rate_bytes_per_sec: 0
2019/12/13-14:23:49.175467 70000fb16000                       Options.wal_recovery_mode: 2
2019/12/13-14:23:49.175482 70000fb16000                  Options.enable_thread_tracking: 0
2019/12/13-14:23:49.175485 70000fb16000                  Options.enable_pipelined_write: 0
2019/12/13-14:23:49.175485 70000fb16000         Options.allow_concurrent_memtable_write: 1
2019/12/13-14:23:49.175486 70000fb16000      Options.enable_write_thread_adaptive_yield: 1
2019/12/13-14:23:49.175487 70000fb16000             Options.write_thread_max_yield_usec: 100
2019/12/13-14:23:49.175487 70000fb16000            Options.write_thread_slow_yield_usec: 3
2019/12/13-14:23:49.175488 70000fb16000                               Options.row_cache: None
2019/12/13-14:23:49.175489 70000fb16000                              Options.wal_filter: None
2019/12/13-14:23:49.175490 70000fb16000             Options.avoid_flush_during_recovery: 0
2019/12/13-14:23:49.175490 70000fb16000             Options.allow_ingest_behind: 0
2019/12/13-14:23:49.175491 70000fb16000             Options.preserve_deletes: 0
2019/12/13-14:23:49.175492 70000fb16000             Options.two_write_queues: 0
2019/12/13-14:23:49.175492 70000fb16000             Options.manual_wal_flush: 0
2019/12/13-14:23:49.175493 70000fb16000             Options.atomic_flush: 0
2019/12/13-14:23:49.175494 70000fb16000             Options.avoid_unnecessary_blocking_io: 0
2019/12/13-14:23:49.175494 70000fb16000             Options.max_background_jobs: 2
2019/12/13-14:23:49.175495 70000fb16000             Options.max_background_compactions: 4
2019/12/13-14:23:49.175496 70000fb16000             Options.avoid_flush_during_shutdown: 0
2019/12/13-14:23:49.175496 70000fb16000           Options.writable_file_max_buffer_size: 1048576
2019/12/13-14:23:49.175497 70000fb16000             Options.delayed_write_rate : 16777216
2019/12/13-14:23:49.175498 70000fb16000             Options.max_total_wal_size: 0
2019/12/13-14:23:49.175499 70000fb16000             Options.delete_obsolete_files_period_micros: 21600000000
2019/12/13-14:23:49.175499 70000fb16000                   Options.stats_dump_period_sec: 600
2019/12/13-14:23:49.175500 70000fb16000                 Options.stats_persist_period_sec: 600
2019/12/13-14:23:49.175501 70000fb16000                 Options.stats_history_buffer_size: 1048576
2019/12/13-14:23:49.175502 70000fb16000                          Options.max_open_files: 1024
2019/12/13-14:23:49.175502 70000fb16000                          Options.bytes_per_sync: 0
2019/12/13-14:23:49.175503 70000fb16000                      Options.wal_bytes_per_sync: 0
2019/12/13-14:23:49.175504 70000fb16000                   Options.strict_bytes_per_sync: 0
2019/12/13-14:23:49.175504 70000fb16000       Options.compaction_readahead_size: 0
2019/12/13-14:23:49.175505 70000fb16000 Compression algorithms supported:
2019/12/13-14:23:49.175507 70000fb16000 	kZSTD supported: 1
2019/12/13-14:23:49.175508 70000fb16000 	kZlibCompression supported: 1
2019/12/13-14:23:49.175509 70000fb16000 	kXpressCompression supported: 0
2019/12/13-14:23:49.175510 70000fb16000 	kSnappyCompression supported: 1
2019/12/13-14:23:49.175511 70000fb16000 	kZSTDNotFinalCompression supported: 1
2019/12/13-14:23:49.175511 70000fb16000 	kLZ4HCCompression supported: 1
2019/12/13-14:23:49.175512 70000fb16000 	kLZ4Compression supported: 1
2019/12/13-14:23:49.175513 70000fb16000 	kBZip2Compression supported: 1
2019/12/13-14:23:49.175515 70000fb16000 Fast CRC32 supported: Not supported on x86
2019/12/13-14:23:49.175600 70000fb16000 [/db_impl_open.cc:242] Creating manifest 1 
2019/12/13-14:23:49.176722 70000fb16000 [/version_set.cc:4053] Recovering from manifest file: /Users/marcuswardlow/Development/clique-network/node-2/data/database/MANIFEST-000001
2019/12/13-14:23:49.176761 70000fb16000 [/column_family.cc:482] --------------- Options for column family [default]:
2019/12/13-14:23:49.176763 70000fb16000               Options.comparator: leveldb.BytewiseComparator
2019/12/13-14:23:49.176764 70000fb16000           Options.merge_operator: None
2019/12/13-14:23:49.176765 70000fb16000        Options.compaction_filter: None
2019/12/13-14:23:49.176782 70000fb16000        Options.compaction_filter_factory: None
2019/12/13-14:23:49.176783 70000fb16000         Options.memtable_factory: SkipListFactory
2019/12/13-14:23:49.176784 70000fb16000            Options.table_factory: BlockBasedTable
2019/12/13-14:23:49.176800 70000fb16000            table_factory options:   flush_block_policy_factory: FlushBlockBySizePolicyFactory (0x7fc1c2c04090)
  cache_index_and_filter_blocks: 0
  cache_index_and_filter_blocks_with_high_priority: 0
  pin_l0_filter_and_index_blocks_in_cache: 0
  pin_top_level_index_and_filter: 1
  index_type: 0
  data_block_index_type: 0
  index_shortening: 1
  data_block_hash_table_util_ratio: 0.750000
  hash_index_allow_collision: 1
  checksum: 1
  no_block_cache: 0
  block_cache: 0x7fc1c2c038f8
  block_cache_name: LRUCache
  block_cache_options:
    capacity : 8388608
    num_shard_bits : 4
    strict_capacity_limit : 0
    memory_allocator : None
    high_pri_pool_ratio: 0.000
  block_cache_compressed: 0x0
  persistent_cache: 0x0
  block_size: 4096
  block_size_deviation: 10
  block_restart_interval: 16
  index_block_restart_interval: 1
  metadata_block_size: 4096
  partition_filters: 0
  use_delta_encoding: 1
  filter_policy: nullptr
  whole_key_filtering: 1
  verify_compression: 1
  read_amp_bytes_per_bit: 0
  format_version: 2
  enable_index_compression: 1
  block_align: 0
2019/12/13-14:23:49.176802 70000fb16000        Options.write_buffer_size: 67108864
2019/12/13-14:23:49.176803 70000fb16000  Options.max_write_buffer_number: 2
2019/12/13-14:23:49.176804 70000fb16000          Options.compression: Snappy
2019/12/13-14:23:49.176805 70000fb16000                  Options.bottommost_compression: Disabled
2019/12/13-14:23:49.176806 70000fb16000       Options.prefix_extractor: nullptr
2019/12/13-14:23:49.176806 70000fb16000   Options.memtable_insert_with_hint_prefix_extractor: nullptr
2019/12/13-14:23:49.176807 70000fb16000             Options.num_levels: 7
2019/12/13-14:23:49.176808 70000fb16000        Options.min_write_buffer_number_to_merge: 1
2019/12/13-14:23:49.176808 70000fb16000     Options.max_write_buffer_number_to_maintain: 2
2019/12/13-14:23:49.176809 70000fb16000            Options.bottommost_compression_opts.window_bits: -14
2019/12/13-14:23:49.176810 70000fb16000                  Options.bottommost_compression_opts.level: 32767
2019/12/13-14:23:49.176811 70000fb16000               Options.bottommost_compression_opts.strategy: 0
2019/12/13-14:23:49.176811 70000fb16000         Options.bottommost_compression_opts.max_dict_bytes: 0
2019/12/13-14:23:49.176812 70000fb16000         Options.bottommost_compression_opts.zstd_max_train_bytes: 0
2019/12/13-14:23:49.176813 70000fb16000                  Options.bottommost_compression_opts.enabled: false
2019/12/13-14:23:49.176814 70000fb16000            Options.compression_opts.window_bits: -14
2019/12/13-14:23:49.176814 70000fb16000                  Options.compression_opts.level: 32767
2019/12/13-14:23:49.176815 70000fb16000               Options.compression_opts.strategy: 0
2019/12/13-14:23:49.176816 70000fb16000         Options.compression_opts.max_dict_bytes: 0
2019/12/13-14:23:49.176816 70000fb16000         Options.compression_opts.zstd_max_train_bytes: 0
2019/12/13-14:23:49.176817 70000fb16000                  Options.compression_opts.enabled: false
2019/12/13-14:23:49.176818 70000fb16000      Options.level0_file_num_compaction_trigger: 4
2019/12/13-14:23:49.176818 70000fb16000          Options.level0_slowdown_writes_trigger: 20
2019/12/13-14:23:49.176819 70000fb16000              Options.level0_stop_writes_trigger: 36
2019/12/13-14:23:49.176821 70000fb16000                   Options.target_file_size_base: 67108864
2019/12/13-14:23:49.176822 70000fb16000             Options.target_file_size_multiplier: 1
2019/12/13-14:23:49.176823 70000fb16000                Options.max_bytes_for_level_base: 268435456
2019/12/13-14:23:49.176823 70000fb16000                      Options.snap_refresh_nanos: 0
2019/12/13-14:23:49.176824 70000fb16000 Options.level_compaction_dynamic_level_bytes: 0
2019/12/13-14:23:49.176836 70000fb16000          Options.max_bytes_for_level_multiplier: 10.000000
2019/12/13-14:23:49.176837 70000fb16000 Options.max_bytes_for_level_multiplier_addtl[0]: 1
2019/12/13-14:23:49.176838 70000fb16000 Options.max_bytes_for_level_multiplier_addtl[1]: 1
2019/12/13-14:23:49.176839 70000fb16000 Options.max_bytes_for_level_multiplier_addtl[2]: 1
2019/12/13-14:23:49.176840 70000fb16000 Options.max_bytes_for_level_multiplier_addtl[3]: 1
2019/12/13-14:23:49.176840 70000fb16000 Options.max_bytes_for_level_multiplier_addtl[4]: 1
2019/12/13-14:23:49.176841 70000fb16000 Options.max_bytes_for_level_multiplier_addtl[5]: 1
2019/12/13-14:23:49.176842 70000fb16000 Options.max_bytes_for_level_multiplier_addtl[6]: 1
2019/12/13-14:23:49.176842 70000fb16000       Options.max_sequential_skip_in_iterations: 8
2019/12/13-14:23:49.176843 70000fb16000                    Options.max_compaction_bytes: 1677721600
2019/12/13-14:23:49.176844 70000fb16000                        Options.arena_block_size: 8388608
2019/12/13-14:23:49.176844 70000fb16000   Options.soft_pending_compaction_bytes_limit: 68719476736
2019/12/13-14:23:49.176845 70000fb16000   Options.hard_pending_compaction_bytes_limit: 274877906944
2019/12/13-14:23:49.176846 70000fb16000       Options.rate_limit_delay_max_milliseconds: 100
2019/12/13-14:23:49.176847 70000fb16000                Options.disable_auto_compactions: 1
2019/12/13-14:23:49.176848 70000fb16000                        Options.compaction_style: kCompactionStyleLevel
2019/12/13-14:23:49.176849 70000fb16000                          Options.compaction_pri: kMinOverlappingRatio
2019/12/13-14:23:49.176849 70000fb16000 Options.compaction_options_universal.size_ratio: 1
2019/12/13-14:23:49.176850 70000fb16000 Options.compaction_options_universal.min_merge_width: 2
2019/12/13-14:23:49.176851 70000fb16000 Options.compaction_options_universal.max_merge_width: 4294967295
2019/12/13-14:23:49.176853 70000fb16000 Options.compaction_options_universal.max_size_amplification_percent: 200
2019/12/13-14:23:49.176854 70000fb16000 Options.compaction_options_universal.compression_size_percent: -1
2019/12/13-14:23:49.176855 70000fb16000 Options.compaction_options_universal.stop_style: kCompactionStopStyleTotalSize
2019/12/13-14:23:49.176855 70000fb16000 Options.compaction_options_fifo.max_table_files_size: 1073741824
2019/12/13-14:23:49.176856 70000fb16000 Options.compaction_options_fifo.allow_compaction: 0
2019/12/13-14:23:49.176857 70000fb16000                   Options.table_properties_collectors: 
2019/12/13-14:23:49.176858 70000fb16000                   Options.inplace_update_support: 0
2019/12/13-14:23:49.176858 70000fb16000                 Options.inplace_update_num_locks: 10000
2019/12/13-14:23:49.176859 70000fb16000               Options.memtable_prefix_bloom_size_ratio: 0.000000
2019/12/13-14:23:49.176860 70000fb16000               Options.memtable_whole_key_filtering: 0
2019/12/13-14:23:49.176860 70000fb16000   Options.memtable_huge_page_size: 0
2019/12/13-14:23:49.176861 70000fb16000                           Options.bloom_locality: 0
2019/12/13-14:23:49.176862 70000fb16000                    Options.max_successive_merges: 0
2019/12/13-14:23:49.176862 70000fb16000                Options.optimize_filters_for_hits: 0
2019/12/13-14:23:49.176863 70000fb16000                Options.paranoid_file_checks: 0
2019/12/13-14:23:49.176864 70000fb16000                Options.force_consistency_checks: 0
2019/12/13-14:23:49.176864 70000fb16000                Options.report_bg_io_stats: 0
2019/12/13-14:23:49.176865 70000fb16000                               Options.ttl: 0
2019/12/13-14:23:49.176866 70000fb16000          Options.periodic_compaction_seconds: 0
2019/12/13-14:23:49.177354 70000fb16000 [/version_set.cc:4267] Recovered from manifest file:/Users/marcuswardlow/Development/clique-network/node-2/data/database/MANIFEST-000001 succeeded,manifest_file_number is 1, next_file_number is 3, last_sequence is 0, log_number is 0,prev_log_number is 0,max_column_family is 0,min_log_number_to_keep is 0
2019/12/13-14:23:49.177358 70000fb16000 [/version_set.cc:4276] Column family [default] (ID 0), log number is 0
2019/12/13-14:23:49.177500 70000fb16000 [/version_set.cc:3546] Creating manifest 4
2019/12/13-14:23:49.178036 70000fb16000 [/column_family.cc:482] --------------- Options for column family []:
2019/12/13-14:23:49.178039 70000fb16000               Options.comparator: leveldb.BytewiseComparator
2019/12/13-14:23:49.178040 70000fb16000           Options.merge_operator: None
2019/12/13-14:23:49.178041 70000fb16000        Options.compaction_filter: None
2019/12/13-14:23:49.178042 70000fb16000        Options.compaction_filter_factory: None
2019/12/13-14:23:49.178042 70000fb16000         Options.memtable_factory: SkipListFactory
2019/12/13-14:23:49.178043 70000fb16000            Options.table_factory: BlockBasedTable
2019/12/13-14:23:49.178056 70000fb16000            table_factory options:   flush_block_policy_factory: FlushBlockBySizePolicyFactory (0x7fc1c2af9da0)
  cache_index_and_filter_blocks: 0
  cache_index_and_filter_blocks_with_high_priority: 0
  pin_l0_filter_and_index_blocks_in_cache: 0
  pin_top_level_index_and_filter: 1
  index_type: 0
  data_block_index_type: 0
  index_shortening: 1
  data_block_hash_table_util_ratio: 0.750000
  hash_index_allow_collision: 1
  checksum: 1
  no_block_cache: 0
  block_cache: 0x7fc1c2afa6f8
  block_cache_name: LRUCache
  block_cache_options:
    capacity : 8388608
    num_shard_bits : 4
    strict_capacity_limit : 0
    memory_allocator : None
    high_pri_pool_ratio: 0.000
  block_cache_compressed: 0x0
  persistent_cache: 0x0
  block_size: 4096
  block_size_deviation: 10
  block_restart_interval: 16
  index_block_restart_interval: 1
  metadata_block_size: 4096
  partition_filters: 0
  use_delta_encoding: 1
  filter_policy: nullptr
  whole_key_filtering: 1
  verify_compression: 0
  read_amp_bytes_per_bit: 0
  format_version: 2
  enable_index_compression: 1
  block_align: 0
2019/12/13-14:23:49.178062 70000fb16000        Options.write_buffer_size: 67108864
2019/12/13-14:23:49.178063 70000fb16000  Options.max_write_buffer_number: 2
2019/12/13-14:23:49.178064 70000fb16000          Options.compression: Snappy
2019/12/13-14:23:49.178064 70000fb16000                  Options.bottommost_compression: Disabled
2019/12/13-14:23:49.178065 70000fb16000       Options.prefix_extractor: nullptr
2019/12/13-14:23:49.178066 70000fb16000   Options.memtable_insert_with_hint_prefix_extractor: nullptr
2019/12/13-14:23:49.178066 70000fb16000             Options.num_levels: 7
2019/12/13-14:23:49.178067 70000fb16000        Options.min_write_buffer_number_to_merge: 1
2019/12/13-14:23:49.178068 70000fb16000     Options.max_write_buffer_number_to_maintain: 2
2019/12/13-14:23:49.178069 70000fb16000            Options.bottommost_compression_opts.window_bits: -14
2019/12/13-14:23:49.178069 70000fb16000                  Options.bottommost_compression_opts.level: 32767
2019/12/13-14:23:49.178070 70000fb16000               Options.bottommost_compression_opts.strategy: 0
2019/12/13-14:23:49.178071 70000fb16000         Options.bottommost_compression_opts.max_dict_bytes: 0
2019/12/13-14:23:49.178071 70000fb16000         Options.bottommost_compression_opts.zstd_max_train_bytes: 0
2019/12/13-14:23:49.178072 70000fb16000                  Options.bottommost_compression_opts.enabled: false
2019/12/13-14:23:49.178073 70000fb16000            Options.compression_opts.window_bits: -14
2019/12/13-14:23:49.178074 70000fb16000                  Options.compression_opts.level: 32767
2019/12/13-14:23:49.178074 70000fb16000               Options.compression_opts.strategy: 0
2019/12/13-14:23:49.178075 70000fb16000         Options.compression_opts.max_dict_bytes: 0
2019/12/13-14:23:49.178076 70000fb16000         Options.compression_opts.zstd_max_train_bytes: 0
2019/12/13-14:23:49.178076 70000fb16000                  Options.compression_opts.enabled: false
2019/12/13-14:23:49.178077 70000fb16000      Options.level0_file_num_compaction_trigger: 4
2019/12/13-14:23:49.178078 70000fb16000          Options.level0_slowdown_writes_trigger: 20
2019/12/13-14:23:49.178079 70000fb16000              Options.level0_stop_writes_trigger: 36
2019/12/13-14:23:49.178079 70000fb16000                   Options.target_file_size_base: 67108864
2019/12/13-14:23:49.178093 70000fb16000             Options.target_file_size_multiplier: 1
2019/12/13-14:23:49.178094 70000fb16000                Options.max_bytes_for_level_base: 268435456
2019/12/13-14:23:49.178095 70000fb16000                      Options.snap_refresh_nanos: 0
2019/12/13-14:23:49.178096 70000fb16000 Options.level_compaction_dynamic_level_bytes: 0
2019/12/13-14:23:49.178096 70000fb16000          Options.max_bytes_for_level_multiplier: 10.000000
2019/12/13-14:23:49.178097 70000fb16000 Options.max_bytes_for_level_multiplier_addtl[0]: 1
2019/12/13-14:23:49.178098 70000fb16000 Options.max_bytes_for_level_multiplier_addtl[1]: 1
2019/12/13-14:23:49.178099 70000fb16000 Options.max_bytes_for_level_multiplier_addtl[2]: 1
2019/12/13-14:23:49.178100 70000fb16000 Options.max_bytes_for_level_multiplier_addtl[3]: 1
2019/12/13-14:23:49.178100 70000fb16000 Options.max_bytes_for_level_multiplier_addtl[4]: 1
2019/12/13-14:23:49.178101 70000fb16000 Options.max_bytes_for_level_multiplier_addtl[5]: 1
2019/12/13-14:23:49.178102 70000fb16000 Options.max_bytes_for_level_multiplier_addtl[6]: 1
2019/12/13-14:23:49.178102 70000fb16000       Options.max_sequential_skip_in_iterations: 8
2019/12/13-14:23:49.178103 70000fb16000                    Options.max_compaction_bytes: 1677721600
2019/12/13-14:23:49.178104 70000fb16000                        Options.arena_block_size: 8388608
2019/12/13-14:23:49.178104 70000fb16000   Options.soft_pending_compaction_bytes_limit: 68719476736
2019/12/13-14:23:49.178105 70000fb16000   Options.hard_pending_compaction_bytes_limit: 274877906944
2019/12/13-14:23:49.178106 70000fb16000       Options.rate_limit_delay_max_milliseconds: 100
2019/12/13-14:23:49.178107 70000fb16000                Options.disable_auto_compactions: 1
2019/12/13-14:23:49.178107 70000fb16000                        Options.compaction_style: kCompactionStyleLevel
2019/12/13-14:23:49.178108 70000fb16000                          Options.compaction_pri: kMinOverlappingRatio
2019/12/13-14:23:49.178109 70000fb16000 Options.compaction_options_universal.size_ratio: 1
2019/12/13-14:23:49.178110 70000fb16000 Options.compaction_options_universal.min_merge_width: 2
2019/12/13-14:23:49.178110 70000fb16000 Options.compaction_options_universal.max_merge_width: 4294967295
2019/12/13-14:23:49.178111 70000fb16000 Options.compaction_options_universal.max_size_amplification_percent: 200
2019/12/13-14:23:49.178112 70000fb16000 Options.compaction_options_universal.compression_size_percent: -1
2019/12/13-14:23:49.178113 70000fb16000 Options.compaction_options_universal.stop_style: kCompactionStopStyleTotalSize
2019/12/13-14:23:49.178114 70000fb16000 Options.compaction_options_fifo.max_table_files_size: 1073741824
2019/12/13-14:23:49.178114 70000fb16000 Options.compaction_options_fifo.allow_compaction: 0
2019/12/13-14:23:49.178115 70000fb16000                   Options.table_properties_collectors: 
2019/12/13-14:23:49.178116 70000fb16000                   Options.inplace_update_support: 0
2019/12/13-14:23:49.178116 70000fb16000                 Options.inplace_update_num_locks: 10000
2019/12/13-14:23:49.178117 70000fb16000               Options.memtable_prefix_bloom_size_ratio: 0.000000
2019/12/13-14:23:49.178118 70000fb16000               Options.memtable_whole_key_filtering: 0
2019/12/13-14:23:49.178118 70000fb16000   Options.memtable_huge_page_size: 0
2019/12/13-14:23:49.178119 70000fb16000                           Options.bloom_locality: 0
2019/12/13-14:23:49.178120 70000fb16000                    Options.max_successive_merges: 0
2019/12/13-14:23:49.178121 70000fb16000                Options.optimize_filters_for_hits: 0
2019/12/13-14:23:49.178121 70000fb16000                Options.paranoid_file_checks: 0
2019/12/13-14:23:49.178122 70000fb16000                Options.force_consistency_checks: 0
2019/12/13-14:23:49.178122 70000fb16000                Options.report_bg_io_stats: 0
2019/12/13-14:23:49.178123 70000fb16000                               Options.ttl: 0
2019/12/13-14:23:49.178124 70000fb16000          Options.periodic_compaction_seconds: 0
2019/12/13-14:23:49.178180 70000fb16000 [/db_impl.cc:1984] Created column family [] (ID 1)
2019/12/13-14:23:49.181477 70000fb16000 [/column_family.cc:482] --------------- Options for column family []:
2019/12/13-14:23:49.181481 70000fb16000               Options.comparator: leveldb.BytewiseComparator
2019/12/13-14:23:49.181482 70000fb16000           Options.merge_operator: None
2019/12/13-14:23:49.181483 70000fb16000        Options.compaction_filter: None
2019/12/13-14:23:49.181484 70000fb16000        Options.compaction_filter_factory: None
2019/12/13-14:23:49.181484 70000fb16000         Options.memtable_factory: SkipListFactory
2019/12/13-14:23:49.181485 70000fb16000            Options.table_factory: BlockBasedTable
2019/12/13-14:23:49.181495 70000fb16000            table_factory options:   flush_block_policy_factory: FlushBlockBySizePolicyFactory (0x7fc1c2afa860)
  cache_index_and_filter_blocks: 0
  cache_index_and_filter_blocks_with_high_priority: 0
  pin_l0_filter_and_index_blocks_in_cache: 0
  pin_top_level_index_and_filter: 1
  index_type: 0
  data_block_index_type: 0
  index_shortening: 1
  data_block_hash_table_util_ratio: 0.750000
  hash_index_allow_collision: 1
  checksum: 1
  no_block_cache: 0
  block_cache: 0x7fc1c2afb508
  block_cache_name: LRUCache
  block_cache_options:
    capacity : 8388608
    num_shard_bits : 4
    strict_capacity_limit : 0
    memory_allocator : None
    high_pri_pool_ratio: 0.000
  block_cache_compressed: 0x0
  persistent_cache: 0x0
  block_size: 4096
  block_size_deviation: 10
  block_restart_interval: 16
  index_block_restart_interval: 1
  metadata_block_size: 4096
  partition_filters: 0
  use_delta_encoding: 1
  filter_policy: nullptr
  whole_key_filtering: 1
  verify_compression: 0
  read_amp_bytes_per_bit: 0
  format_version: 2
  enable_index_compression: 1
  block_align: 0
2019/12/13-14:23:49.181497 70000fb16000        Options.write_buffer_size: 67108864
2019/12/13-14:23:49.181498 70000fb16000  Options.max_write_buffer_number: 2
2019/12/13-14:23:49.181499 70000fb16000          Options.compression: Snappy
2019/12/13-14:23:49.181500 70000fb16000                  Options.bottommost_compression: Disabled
2019/12/13-14:23:49.181500 70000fb16000       Options.prefix_extractor: nullptr
2019/12/13-14:23:49.181501 70000fb16000   Options.memtable_insert_with_hint_prefix_extractor: nullptr
2019/12/13-14:23:49.181502 70000fb16000             Options.num_levels: 7
2019/12/13-14:23:49.181503 70000fb16000        Options.min_write_buffer_number_to_merge: 1
2019/12/13-14:23:49.181503 70000fb16000     Options.max_write_buffer_number_to_maintain: 2
2019/12/13-14:23:49.181504 70000fb16000            Options.bottommost_compression_opts.window_bits: -14
2019/12/13-14:23:49.181505 70000fb16000                  Options.bottommost_compression_opts.level: 32767
2019/12/13-14:23:49.181505 70000fb16000               Options.bottommost_compression_opts.strategy: 0
2019/12/13-14:23:49.181506 70000fb16000         Options.bottommost_compression_opts.max_dict_bytes: 0
2019/12/13-14:23:49.181507 70000fb16000         Options.bottommost_compression_opts.zstd_max_train_bytes: 0
2019/12/13-14:23:49.181508 70000fb16000                  Options.bottommost_compression_opts.enabled: false
2019/12/13-14:23:49.181508 70000fb16000            Options.compression_opts.window_bits: -14
2019/12/13-14:23:49.181509 70000fb16000                  Options.compression_opts.level: 32767
2019/12/13-14:23:49.181510 70000fb16000               Options.compression_opts.strategy: 0
2019/12/13-14:23:49.181511 70000fb16000         Options.compression_opts.max_dict_bytes: 0
2019/12/13-14:23:49.181511 70000fb16000         Options.compression_opts.zstd_max_train_bytes: 0
2019/12/13-14:23:49.181512 70000fb16000                  Options.compression_opts.enabled: false
2019/12/13-14:23:49.181513 70000fb16000      Options.level0_file_num_compaction_trigger: 4
2019/12/13-14:23:49.181513 70000fb16000          Options.level0_slowdown_writes_trigger: 20
2019/12/13-14:23:49.181514 70000fb16000              Options.level0_stop_writes_trigger: 36
2019/12/13-14:23:49.181515 70000fb16000                   Options.target_file_size_base: 67108864
2019/12/13-14:23:49.181529 70000fb16000             Options.target_file_size_multiplier: 1
2019/12/13-14:23:49.181530 70000fb16000                Options.max_bytes_for_level_base: 268435456
2019/12/13-14:23:49.181531 70000fb16000                      Options.snap_refresh_nanos: 0
2019/12/13-14:23:49.181532 70000fb16000 Options.level_compaction_dynamic_level_bytes: 0
2019/12/13-14:23:49.181533 70000fb16000          Options.max_bytes_for_level_multiplier: 10.000000
2019/12/13-14:23:49.181534 70000fb16000 Options.max_bytes_for_level_multiplier_addtl[0]: 1
2019/12/13-14:23:49.181534 70000fb16000 Options.max_bytes_for_level_multiplier_addtl[1]: 1
2019/12/13-14:23:49.181535 70000fb16000 Options.max_bytes_for_level_multiplier_addtl[2]: 1
2019/12/13-14:23:49.181536 70000fb16000 Options.max_bytes_for_level_multiplier_addtl[3]: 1
2019/12/13-14:23:49.181536 70000fb16000 Options.max_bytes_for_level_multiplier_addtl[4]: 1
2019/12/13-14:23:49.181537 70000fb16000 Options.max_bytes_for_level_multiplier_addtl[5]: 1
2019/12/13-14:23:49.181538 70000fb16000 Options.max_bytes_for_level_multiplier_addtl[6]: 1
2019/12/13-14:23:49.181539 70000fb16000       Options.max_sequential_skip_in_iterations: 8
2019/12/13-14:23:49.181539 70000fb16000                    Options.max_compaction_bytes: 1677721600
2019/12/13-14:23:49.181540 70000fb16000                        Options.arena_block_size: 8388608
2019/12/13-14:23:49.181541 70000fb16000   Options.soft_pending_compaction_bytes_limit: 68719476736
2019/12/13-14:23:49.181541 70000fb16000   Options.hard_pending_compaction_bytes_limit: 274877906944
2019/12/13-14:23:49.181542 70000fb16000       Options.rate_limit_delay_max_milliseconds: 100
2019/12/13-14:23:49.181543 70000fb16000                Options.disable_auto_compactions: 1
2019/12/13-14:23:49.181544 70000fb16000                        Options.compaction_style: kCompactionStyleLevel
2019/12/13-14:23:49.181545 70000fb16000                          Options.compaction_pri: kMinOverlappingRatio
2019/12/13-14:23:49.181545 70000fb16000 Options.compaction_options_universal.size_ratio: 1
2019/12/13-14:23:49.181546 70000fb16000 Options.compaction_options_universal.min_merge_width: 2
2019/12/13-14:23:49.181547 70000fb16000 Options.compaction_options_universal.max_merge_width: 4294967295
2019/12/13-14:23:49.181547 70000fb16000 Options.compaction_options_universal.max_size_amplification_percent: 200
2019/12/13-14:23:49.181548 70000fb16000 Options.compaction_options_universal.compression_size_percent: -1
2019/12/13-14:23:49.181549 70000fb16000 Options.compaction_options_universal.stop_style: kCompactionStopStyleTotalSize
2019/12/13-14:23:49.181550 70000fb16000 Options.compaction_options_fifo.max_table_files_size: 1073741824
2019/12/13-14:23:49.181551 70000fb16000 Options.compaction_options_fifo.allow_compaction: 0
2019/12/13-14:23:49.181551 70000fb16000                   Options.table_properties_collectors: 
2019/12/13-14:23:49.181552 70000fb16000                   Options.inplace_update_support: 0
2019/12/13-14:23:49.181553 70000fb16000                 Options.inplace_update_num_locks: 10000
2019/12/13-14:23:49.181553 70000fb16000               Options.memtable_prefix_bloom_size_ratio: 0.000000
2019/12/13-14:23:49.181554 70000fb16000               Options.memtable_whole_key_filtering: 0
2019/12/13-14:23:49.181555 70000fb16000   Options.memtable_huge_page_size: 0
2019/12/13-14:23:49.181556 70000fb16000                           Options.bloom_locality: 0
2019/12/13-14:23:49.181556 70000fb16000                    Options.max_successive_merges: 0
2019/12/13-14:23:49.181557 70000fb16000                Options.optimize_filters_for_hits: 0
2019/12/13-14:23:49.181558 70000fb16000                Options.paranoid_file_checks: 0
2019/12/13-14:23:49.181558 70000fb16000                Options.force_consistency_checks: 0
2019/12/13-14:23:49.181559 70000fb16000                Options.report_bg_io_stats: 0
2019/12/13-14:23:49.181560 70000fb16000                               Options.ttl: 0
2019/12/13-14:23:49.181560 70000fb16000          Options.periodic_compaction_seconds: 0
2019/12/13-14:23:49.181600 70000fb16000 [/db_impl.cc:1984] Created column family [] (ID 2)
2019/12/13-14:23:49.185729 70000fb16000 [/column_family.cc:482] --------------- Options for column family []:
2019/12/13-14:23:49.185732 70000fb16000               Options.comparator: leveldb.BytewiseComparator
2019/12/13-14:23:49.185734 70000fb16000           Options.merge_operator: None
2019/12/13-14:23:49.185735 70000fb16000        Options.compaction_filter: None
2019/12/13-14:23:49.185735 70000fb16000        Options.compaction_filter_factory: None
2019/12/13-14:23:49.185736 70000fb16000         Options.memtable_factory: SkipListFactory
2019/12/13-14:23:49.185737 70000fb16000            Options.table_factory: BlockBasedTable
2019/12/13-14:23:49.185749 70000fb16000            table_factory options:   flush_block_policy_factory: FlushBlockBySizePolicyFactory (0x7fc1c2afb590)
  cache_index_and_filter_blocks: 0
  cache_index_and_filter_blocks_with_high_priority: 0
  pin_l0_filter_and_index_blocks_in_cache: 0
  pin_top_level_index_and_filter: 1
  index_type: 0
  data_block_index_type: 0
  index_shortening: 1
  data_block_hash_table_util_ratio: 0.750000
  hash_index_allow_collision: 1
  checksum: 1
  no_block_cache: 0
  block_cache: 0x7fc1c2c00658
  block_cache_name: LRUCache
  block_cache_options:
    capacity : 8388608
    num_shard_bits : 4
    strict_capacity_limit : 0
    memory_allocator : None
    high_pri_pool_ratio: 0.000
  block_cache_compressed: 0x0
  persistent_cache: 0x0
  block_size: 4096
  block_size_deviation: 10
  block_restart_interval: 16
  index_block_restart_interval: 1
  metadata_block_size: 4096
  partition_filters: 0
  use_delta_encoding: 1
  filter_policy: nullptr
  whole_key_filtering: 1
  verify_compression: 0
  read_amp_bytes_per_bit: 0
  format_version: 2
  enable_index_compression: 1
  block_align: 0
2019/12/13-14:23:49.185751 70000fb16000        Options.write_buffer_size: 67108864
2019/12/13-14:23:49.185752 70000fb16000  Options.max_write_buffer_number: 2
2019/12/13-14:23:49.185753 70000fb16000          Options.compression: Snappy
2019/12/13-14:23:49.185754 70000fb16000                  Options.bottommost_compression: Disabled
2019/12/13-14:23:49.185755 70000fb16000       Options.prefix_extractor: nullptr
2019/12/13-14:23:49.185756 70000fb16000   Options.memtable_insert_with_hint_prefix_extractor: nullptr
2019/12/13-14:23:49.185757 70000fb16000             Options.num_levels: 7
2019/12/13-14:23:49.185757 70000fb16000        Options.min_write_buffer_number_to_merge: 1
2019/12/13-14:23:49.185758 70000fb16000     Options.max_write_buffer_number_to_maintain: 2
2019/12/13-14:23:49.185759 70000fb16000            Options.bottommost_compression_opts.window_bits: -14
2019/12/13-14:23:49.185760 70000fb16000                  Options.bottommost_compression_opts.level: 32767
2019/12/13-14:23:49.185761 70000fb16000               Options.bottommost_compression_opts.strategy: 0
2019/12/13-14:23:49.185761 70000fb16000         Options.bottommost_compression_opts.max_dict_bytes: 0
2019/12/13-14:23:49.185762 70000fb16000         Options.bottommost_compression_opts.zstd_max_train_bytes: 0
2019/12/13-14:23:49.185763 70000fb16000                  Options.bottommost_compression_opts.enabled: false
2019/12/13-14:23:49.185764 70000fb16000            Options.compression_opts.window_bits: -14
2019/12/13-14:23:49.185765 70000fb16000                  Options.compression_opts.level: 32767
2019/12/13-14:23:49.185766 70000fb16000               Options.compression_opts.strategy: 0
2019/12/13-14:23:49.185766 70000fb16000         Options.compression_opts.max_dict_bytes: 0
2019/12/13-14:23:49.185767 70000fb16000         Options.compression_opts.zstd_max_train_bytes: 0
2019/12/13-14:23:49.185768 70000fb16000                  Options.compression_opts.enabled: false
2019/12/13-14:23:49.185769 70000fb16000      Options.level0_file_num_compaction_trigger: 4
2019/12/13-14:23:49.185769 70000fb16000          Options.level0_slowdown_writes_trigger: 20
2019/12/13-14:23:49.185770 70000fb16000              Options.level0_stop_writes_trigger: 36
2019/12/13-14:23:49.185771 70000fb16000                   Options.target_file_size_base: 67108864
2019/12/13-14:23:49.185789 70000fb16000             Options.target_file_size_multiplier: 1
2019/12/13-14:23:49.185790 70000fb16000                Options.max_bytes_for_level_base: 268435456
2019/12/13-14:23:49.185791 70000fb16000                      Options.snap_refresh_nanos: 0
2019/12/13-14:23:49.185792 70000fb16000 Options.level_compaction_dynamic_level_bytes: 0
2019/12/13-14:23:49.185792 70000fb16000          Options.max_bytes_for_level_multiplier: 10.000000
2019/12/13-14:23:49.185794 70000fb16000 Options.max_bytes_for_level_multiplier_addtl[0]: 1
2019/12/13-14:23:49.185795 70000fb16000 Options.max_bytes_for_level_multiplier_addtl[1]: 1
2019/12/13-14:23:49.185795 70000fb16000 Options.max_bytes_for_level_multiplier_addtl[2]: 1
2019/12/13-14:23:49.185796 70000fb16000 Options.max_bytes_for_level_multiplier_addtl[3]: 1
2019/12/13-14:23:49.185797 70000fb16000 Options.max_bytes_for_level_multiplier_addtl[4]: 1
2019/12/13-14:23:49.185798 70000fb16000 Options.max_bytes_for_level_multiplier_addtl[5]: 1
2019/12/13-14:23:49.185798 70000fb16000 Options.max_bytes_for_level_multiplier_addtl[6]: 1
2019/12/13-14:23:49.185799 70000fb16000       Options.max_sequential_skip_in_iterations: 8
2019/12/13-14:23:49.185800 70000fb16000                    Options.max_compaction_bytes: 1677721600
2019/12/13-14:23:49.185801 70000fb16000                        Options.arena_block_size: 8388608
2019/12/13-14:23:49.185802 70000fb16000   Options.soft_pending_compaction_bytes_limit: 68719476736
2019/12/13-14:23:49.185803 70000fb16000   Options.hard_pending_compaction_bytes_limit: 274877906944
2019/12/13-14:23:49.185803 70000fb16000       Options.rate_limit_delay_max_milliseconds: 100
2019/12/13-14:23:49.185804 70000fb16000                Options.disable_auto_compactions: 1
2019/12/13-14:23:49.185805 70000fb16000                        Options.compaction_style: kCompactionStyleLevel
2019/12/13-14:23:49.185806 70000fb16000                          Options.compaction_pri: kMinOverlappingRatio
2019/12/13-14:23:49.185807 70000fb16000 Options.compaction_options_universal.size_ratio: 1
2019/12/13-14:23:49.185808 70000fb16000 Options.compaction_options_universal.min_merge_width: 2
2019/12/13-14:23:49.185808 70000fb16000 Options.compaction_options_universal.max_merge_width: 4294967295
2019/12/13-14:23:49.185809 70000fb16000 Options.compaction_options_universal.max_size_amplification_percent: 200
2019/12/13-14:23:49.185810 70000fb16000 Options.compaction_options_universal.compression_size_percent: -1
2019/12/13-14:23:49.185811 70000fb16000 Options.compaction_options_universal.stop_style: kCompactionStopStyleTotalSize
