2019/12/13-14:48:12.071570 700004b22000 RocksDB version: 6.2.4
2019/12/13-14:48:12.071622 700004b22000 Git sha rocksdb_build_git_sha:76a56d89a7740f8dbb01edabf1ea5abc95a67657
2019/12/13-14:48:12.071624 700004b22000 Compile date Oct 10 2019
2019/12/13-14:48:12.071625 700004b22000 DB SUMMARY
2019/12/13-14:48:12.071672 700004b22000 CURRENT file:  CURRENT
2019/12/13-14:48:12.071674 700004b22000 IDENTITY file:  IDENTITY
2019/12/13-14:48:12.071679 700004b22000 MANIFEST file:  MANIFEST-000004 size: 365 Bytes
2019/12/13-14:48:12.071681 700004b22000 SST files in /Users/marcuswardlow/Development/clique-network/node-3/data/database dir, Total Num: 0, files: 
2019/12/13-14:48:12.071682 700004b22000 Write Ahead Log file in /Users/marcuswardlow/Development/clique-network/node-3/data/database: 000003.log size: 103885 ; 
2019/12/13-14:48:12.071684 700004b22000                         Options.error_if_exists: 0
2019/12/13-14:48:12.071686 700004b22000                       Options.create_if_missing: 1
2019/12/13-14:48:12.071687 700004b22000                         Options.paranoid_checks: 1
2019/12/13-14:48:12.071688 700004b22000                                     Options.env: 0x13044f368
2019/12/13-14:48:12.071689 700004b22000                                Options.info_log: 0x7ff18eef4640
2019/12/13-14:48:12.071690 700004b22000                Options.max_file_opening_threads: 16
2019/12/13-14:48:12.071691 700004b22000                              Options.statistics: 0x7ff18eeefb90
2019/12/13-14:48:12.071692 700004b22000                               Options.use_fsync: 0
2019/12/13-14:48:12.071692 700004b22000                       Options.max_log_file_size: 0
2019/12/13-14:48:12.071693 700004b22000                  Options.max_manifest_file_size: 1073741824
2019/12/13-14:48:12.071694 700004b22000                   Options.log_file_time_to_roll: 0
2019/12/13-14:48:12.071695 700004b22000                       Options.keep_log_file_num: 1000
2019/12/13-14:48:12.071696 700004b22000                    Options.recycle_log_file_num: 0
2019/12/13-14:48:12.071697 700004b22000                         Options.allow_fallocate: 1
2019/12/13-14:48:12.071697 700004b22000                        Options.allow_mmap_reads: 0
2019/12/13-14:48:12.071698 700004b22000                       Options.allow_mmap_writes: 0
2019/12/13-14:48:12.071699 700004b22000                        Options.use_direct_reads: 0
2019/12/13-14:48:12.071700 700004b22000                        Options.use_direct_io_for_flush_and_compaction: 0
2019/12/13-14:48:12.071701 700004b22000          Options.create_missing_column_families: 1
2019/12/13-14:48:12.071702 700004b22000                              Options.db_log_dir: 
2019/12/13-14:48:12.071702 700004b22000                                 Options.wal_dir: /Users/marcuswardlow/Development/clique-network/node-3/data/database
2019/12/13-14:48:12.071703 700004b22000                Options.table_cache_numshardbits: 6
2019/12/13-14:48:12.071704 700004b22000                      Options.max_subcompactions: 1
2019/12/13-14:48:12.071705 700004b22000                  Options.max_background_flushes: -1
2019/12/13-14:48:12.071706 700004b22000                         Options.WAL_ttl_seconds: 0
2019/12/13-14:48:12.071707 700004b22000                       Options.WAL_size_limit_MB: 0
2019/12/13-14:48:12.071707 700004b22000             Options.manifest_preallocation_size: 4194304
2019/12/13-14:48:12.071708 700004b22000                     Options.is_fd_close_on_exec: 1
2019/12/13-14:48:12.071709 700004b22000                   Options.advise_random_on_open: 1
2019/12/13-14:48:12.071710 700004b22000                    Options.db_write_buffer_size: 0
2019/12/13-14:48:12.071711 700004b22000                    Options.write_buffer_manager: 0x7ff18eef4360
2019/12/13-14:48:12.071711 700004b22000         Options.access_hint_on_compaction_start: 1
2019/12/13-14:48:12.071712 700004b22000  Options.new_table_reader_for_compaction_inputs: 0
2019/12/13-14:48:12.071713 700004b22000           Options.random_access_max_buffer_size: 1048576
2019/12/13-14:48:12.071714 700004b22000                      Options.use_adaptive_mutex: 0
2019/12/13-14:48:12.071732 700004b22000                            Options.rate_limiter: 0x0
2019/12/13-14:48:12.071734 700004b22000     Options.sst_file_manager.rate_bytes_per_sec: 0
2019/12/13-14:48:12.071735 700004b22000                       Options.wal_recovery_mode: 2
2019/12/13-14:48:12.071735 700004b22000                  Options.enable_thread_tracking: 0
2019/12/13-14:48:12.071738 700004b22000                  Options.enable_pipelined_write: 0
2019/12/13-14:48:12.071739 700004b22000         Options.allow_concurrent_memtable_write: 1
2019/12/13-14:48:12.071740 700004b22000      Options.enable_write_thread_adaptive_yield: 1
2019/12/13-14:48:12.071740 700004b22000             Options.write_thread_max_yield_usec: 100
2019/12/13-14:48:12.071741 700004b22000            Options.write_thread_slow_yield_usec: 3
2019/12/13-14:48:12.071742 700004b22000                               Options.row_cache: None
2019/12/13-14:48:12.071743 700004b22000                              Options.wal_filter: None
2019/12/13-14:48:12.071744 700004b22000             Options.avoid_flush_during_recovery: 0
2019/12/13-14:48:12.071745 700004b22000             Options.allow_ingest_behind: 0
2019/12/13-14:48:12.071745 700004b22000             Options.preserve_deletes: 0
2019/12/13-14:48:12.071746 700004b22000             Options.two_write_queues: 0
2019/12/13-14:48:12.071747 700004b22000             Options.manual_wal_flush: 0
2019/12/13-14:48:12.071748 700004b22000             Options.atomic_flush: 0
2019/12/13-14:48:12.071748 700004b22000             Options.avoid_unnecessary_blocking_io: 0
2019/12/13-14:48:12.071749 700004b22000             Options.max_background_jobs: 2
2019/12/13-14:48:12.071750 700004b22000             Options.max_background_compactions: 4
2019/12/13-14:48:12.071751 700004b22000             Options.avoid_flush_during_shutdown: 0
2019/12/13-14:48:12.071752 700004b22000           Options.writable_file_max_buffer_size: 1048576
2019/12/13-14:48:12.071752 700004b22000             Options.delayed_write_rate : 16777216
2019/12/13-14:48:12.071753 700004b22000             Options.max_total_wal_size: 0
2019/12/13-14:48:12.071754 700004b22000             Options.delete_obsolete_files_period_micros: 21600000000
2019/12/13-14:48:12.071755 700004b22000                   Options.stats_dump_period_sec: 600
2019/12/13-14:48:12.071756 700004b22000                 Options.stats_persist_period_sec: 600
2019/12/13-14:48:12.071757 700004b22000                 Options.stats_history_buffer_size: 1048576
2019/12/13-14:48:12.071758 700004b22000                          Options.max_open_files: 1024
2019/12/13-14:48:12.071758 700004b22000                          Options.bytes_per_sync: 0
2019/12/13-14:48:12.071759 700004b22000                      Options.wal_bytes_per_sync: 0
2019/12/13-14:48:12.071760 700004b22000                   Options.strict_bytes_per_sync: 0
2019/12/13-14:48:12.071761 700004b22000       Options.compaction_readahead_size: 0
2019/12/13-14:48:12.071762 700004b22000 Compression algorithms supported:
2019/12/13-14:48:12.071764 700004b22000 	kZSTD supported: 1
2019/12/13-14:48:12.071766 700004b22000 	kZlibCompression supported: 1
2019/12/13-14:48:12.071767 700004b22000 	kXpressCompression supported: 0
2019/12/13-14:48:12.071767 700004b22000 	kSnappyCompression supported: 1
2019/12/13-14:48:12.071768 700004b22000 	kZSTDNotFinalCompression supported: 1
2019/12/13-14:48:12.071769 700004b22000 	kLZ4HCCompression supported: 1
2019/12/13-14:48:12.071770 700004b22000 	kLZ4Compression supported: 1
2019/12/13-14:48:12.071771 700004b22000 	kBZip2Compression supported: 1
2019/12/13-14:48:12.071775 700004b22000 Fast CRC32 supported: Not supported on x86
2019/12/13-14:48:12.072464 700004b22000 [/version_set.cc:4053] Recovering from manifest file: /Users/marcuswardlow/Development/clique-network/node-3/data/database/MANIFEST-000004
2019/12/13-14:48:12.072538 700004b22000 [/column_family.cc:482] --------------- Options for column family [default]:
2019/12/13-14:48:12.072542 700004b22000               Options.comparator: leveldb.BytewiseComparator
2019/12/13-14:48:12.072578 700004b22000           Options.merge_operator: None
2019/12/13-14:48:12.072580 700004b22000        Options.compaction_filter: None
2019/12/13-14:48:12.072582 700004b22000        Options.compaction_filter_factory: None
2019/12/13-14:48:12.072584 700004b22000         Options.memtable_factory: SkipListFactory
2019/12/13-14:48:12.072585 700004b22000            Options.table_factory: BlockBasedTable
2019/12/13-14:48:12.072613 700004b22000            table_factory options:   flush_block_policy_factory: FlushBlockBySizePolicyFactory (0x7ff18eef0ab0)
  cache_index_and_filter_blocks: 0
  cache_index_and_filter_blocks_with_high_priority: 0
  pin_l0_filter_and_index_blocks_in_cache: 0
  pin_top_level_index_and_filter: 1
  index_type: 0
  data_block_index_type: 0
  index_shortening: 1
  data_block_hash_table_util_ratio: 0.750000
  hash_index_allow_collision: 1
  checksum: 1
  no_block_cache: 0
  block_cache: 0x7ff18eef0318
  block_cache_name: LRUCache
  block_cache_options:
    capacity : 8388608
    num_shard_bits : 4
    strict_capacity_limit : 0
    memory_allocator : None
    high_pri_pool_ratio: 0.000
  block_cache_compressed: 0x0
  persistent_cache: 0x0
  block_size: 4096
  block_size_deviation: 10
  block_restart_interval: 16
  index_block_restart_interval: 1
  metadata_block_size: 4096
  partition_filters: 0
  use_delta_encoding: 1
  filter_policy: nullptr
  whole_key_filtering: 1
  verify_compression: 1
  read_amp_bytes_per_bit: 0
  format_version: 2
  enable_index_compression: 1
  block_align: 0
2019/12/13-14:48:12.072619 700004b22000        Options.write_buffer_size: 67108864
2019/12/13-14:48:12.072620 700004b22000  Options.max_write_buffer_number: 2
2019/12/13-14:48:12.072622 700004b22000          Options.compression: Snappy
2019/12/13-14:48:12.072624 700004b22000                  Options.bottommost_compression: Disabled
2019/12/13-14:48:12.072625 700004b22000       Options.prefix_extractor: nullptr
2019/12/13-14:48:12.072627 700004b22000   Options.memtable_insert_with_hint_prefix_extractor: nullptr
2019/12/13-14:48:12.072628 700004b22000             Options.num_levels: 7
2019/12/13-14:48:12.072630 700004b22000        Options.min_write_buffer_number_to_merge: 1
2019/12/13-14:48:12.072631 700004b22000     Options.max_write_buffer_number_to_maintain: 2
2019/12/13-14:48:12.072633 700004b22000            Options.bottommost_compression_opts.window_bits: -14
2019/12/13-14:48:12.072634 700004b22000                  Options.bottommost_compression_opts.level: 32767
2019/12/13-14:48:12.072636 700004b22000               Options.bottommost_compression_opts.strategy: 0
2019/12/13-14:48:12.072637 700004b22000         Options.bottommost_compression_opts.max_dict_bytes: 0
2019/12/13-14:48:12.072639 700004b22000         Options.bottommost_compression_opts.zstd_max_train_bytes: 0
2019/12/13-14:48:12.072640 700004b22000                  Options.bottommost_compression_opts.enabled: false
2019/12/13-14:48:12.072642 700004b22000            Options.compression_opts.window_bits: -14
2019/12/13-14:48:12.072644 700004b22000                  Options.compression_opts.level: 32767
2019/12/13-14:48:12.072645 700004b22000               Options.compression_opts.strategy: 0
2019/12/13-14:48:12.072647 700004b22000         Options.compression_opts.max_dict_bytes: 0
2019/12/13-14:48:12.072648 700004b22000         Options.compression_opts.zstd_max_train_bytes: 0
2019/12/13-14:48:12.072650 700004b22000                  Options.compression_opts.enabled: false
2019/12/13-14:48:12.072651 700004b22000      Options.level0_file_num_compaction_trigger: 4
2019/12/13-14:48:12.072653 700004b22000          Options.level0_slowdown_writes_trigger: 20
2019/12/13-14:48:12.072654 700004b22000              Options.level0_stop_writes_trigger: 36
2019/12/13-14:48:12.072658 700004b22000                   Options.target_file_size_base: 67108864
2019/12/13-14:48:12.072660 700004b22000             Options.target_file_size_multiplier: 1
2019/12/13-14:48:12.072661 700004b22000                Options.max_bytes_for_level_base: 268435456
2019/12/13-14:48:12.072662 700004b22000                      Options.snap_refresh_nanos: 0
2019/12/13-14:48:12.072685 700004b22000 Options.level_compaction_dynamic_level_bytes: 0
2019/12/13-14:48:12.072687 700004b22000          Options.max_bytes_for_level_multiplier: 10.000000
2019/12/13-14:48:12.072689 700004b22000 Options.max_bytes_for_level_multiplier_addtl[0]: 1
2019/12/13-14:48:12.072691 700004b22000 Options.max_bytes_for_level_multiplier_addtl[1]: 1
2019/12/13-14:48:12.072692 700004b22000 Options.max_bytes_for_level_multiplier_addtl[2]: 1
2019/12/13-14:48:12.072694 700004b22000 Options.max_bytes_for_level_multiplier_addtl[3]: 1
2019/12/13-14:48:12.072695 700004b22000 Options.max_bytes_for_level_multiplier_addtl[4]: 1
2019/12/13-14:48:12.072697 700004b22000 Options.max_bytes_for_level_multiplier_addtl[5]: 1
2019/12/13-14:48:12.072698 700004b22000 Options.max_bytes_for_level_multiplier_addtl[6]: 1
2019/12/13-14:48:12.072700 700004b22000       Options.max_sequential_skip_in_iterations: 8
2019/12/13-14:48:12.072701 700004b22000                    Options.max_compaction_bytes: 1677721600
2019/12/13-14:48:12.072703 700004b22000                        Options.arena_block_size: 8388608
2019/12/13-14:48:12.072704 700004b22000   Options.soft_pending_compaction_bytes_limit: 68719476736
2019/12/13-14:48:12.072705 700004b22000   Options.hard_pending_compaction_bytes_limit: 274877906944
2019/12/13-14:48:12.072707 700004b22000       Options.rate_limit_delay_max_milliseconds: 100
2019/12/13-14:48:12.072708 700004b22000                Options.disable_auto_compactions: 1
2019/12/13-14:48:12.072710 700004b22000                        Options.compaction_style: kCompactionStyleLevel
2019/12/13-14:48:12.072712 700004b22000                          Options.compaction_pri: kMinOverlappingRatio
2019/12/13-14:48:12.072713 700004b22000 Options.compaction_options_universal.size_ratio: 1
2019/12/13-14:48:12.072714 700004b22000 Options.compaction_options_universal.min_merge_width: 2
2019/12/13-14:48:12.072715 700004b22000 Options.compaction_options_universal.max_merge_width: 4294967295
2019/12/13-14:48:12.072720 700004b22000 Options.compaction_options_universal.max_size_amplification_percent: 200
2019/12/13-14:48:12.072721 700004b22000 Options.compaction_options_universal.compression_size_percent: -1
2019/12/13-14:48:12.072723 700004b22000 Options.compaction_options_universal.stop_style: kCompactionStopStyleTotalSize
2019/12/13-14:48:12.072724 700004b22000 Options.compaction_options_fifo.max_table_files_size: 1073741824
2019/12/13-14:48:12.072726 700004b22000 Options.compaction_options_fifo.allow_compaction: 0
2019/12/13-14:48:12.072727 700004b22000                   Options.table_properties_collectors: 
2019/12/13-14:48:12.072729 700004b22000                   Options.inplace_update_support: 0
2019/12/13-14:48:12.072730 700004b22000                 Options.inplace_update_num_locks: 10000
2019/12/13-14:48:12.072731 700004b22000               Options.memtable_prefix_bloom_size_ratio: 0.000000
2019/12/13-14:48:12.072733 700004b22000               Options.memtable_whole_key_filtering: 0
2019/12/13-14:48:12.072735 700004b22000   Options.memtable_huge_page_size: 0
2019/12/13-14:48:12.072736 700004b22000                           Options.bloom_locality: 0
2019/12/13-14:48:12.072738 700004b22000                    Options.max_successive_merges: 0
2019/12/13-14:48:12.072739 700004b22000                Options.optimize_filters_for_hits: 0
2019/12/13-14:48:12.072740 700004b22000                Options.paranoid_file_checks: 0
2019/12/13-14:48:12.072742 700004b22000                Options.force_consistency_checks: 0
2019/12/13-14:48:12.072743 700004b22000                Options.report_bg_io_stats: 0
2019/12/13-14:48:12.072745 700004b22000                               Options.ttl: 0
2019/12/13-14:48:12.072746 700004b22000          Options.periodic_compaction_seconds: 0
2019/12/13-14:48:12.073093 700004b22000 [/column_family.cc:482] --------------- Options for column family []:
2019/12/13-14:48:12.073096 700004b22000               Options.comparator: leveldb.BytewiseComparator
2019/12/13-14:48:12.073117 700004b22000           Options.merge_operator: None
2019/12/13-14:48:12.073119 700004b22000        Options.compaction_filter: None
2019/12/13-14:48:12.073119 700004b22000        Options.compaction_filter_factory: None
2019/12/13-14:48:12.073120 700004b22000         Options.memtable_factory: SkipListFactory
2019/12/13-14:48:12.073121 700004b22000            Options.table_factory: BlockBasedTable
2019/12/13-14:48:12.073133 700004b22000            table_factory options:   flush_block_policy_factory: FlushBlockBySizePolicyFactory (0x7ff18eeea630)
  cache_index_and_filter_blocks: 0
  cache_index_and_filter_blocks_with_high_priority: 0
  pin_l0_filter_and_index_blocks_in_cache: 0
  pin_top_level_index_and_filter: 1
  index_type: 0
  data_block_index_type: 0
  index_shortening: 1
  data_block_hash_table_util_ratio: 0.750000
  hash_index_allow_collision: 1
  checksum: 1
  no_block_cache: 0
  block_cache: 0x7ff18eeeb098
  block_cache_name: LRUCache
  block_cache_options:
    capacity : 8388608
    num_shard_bits : 4
    strict_capacity_limit : 0
    memory_allocator : None
    high_pri_pool_ratio: 0.000
  block_cache_compressed: 0x0
  persistent_cache: 0x0
  block_size: 4096
  block_size_deviation: 10
  block_restart_interval: 16
  index_block_restart_interval: 1
  metadata_block_size: 4096
  partition_filters: 0
  use_delta_encoding: 1
  filter_policy: nullptr
  whole_key_filtering: 1
  verify_compression: 0
  read_amp_bytes_per_bit: 0
  format_version: 2
  enable_index_compression: 1
  block_align: 0
2019/12/13-14:48:12.073136 700004b22000        Options.write_buffer_size: 67108864
2019/12/13-14:48:12.073137 700004b22000  Options.max_write_buffer_number: 2
2019/12/13-14:48:12.073138 700004b22000          Options.compression: Snappy
2019/12/13-14:48:12.073138 700004b22000                  Options.bottommost_compression: Disabled
2019/12/13-14:48:12.073139 700004b22000       Options.prefix_extractor: nullptr
2019/12/13-14:48:12.073140 700004b22000   Options.memtable_insert_with_hint_prefix_extractor: nullptr
2019/12/13-14:48:12.073141 700004b22000             Options.num_levels: 7
2019/12/13-14:48:12.073142 700004b22000        Options.min_write_buffer_number_to_merge: 1
2019/12/13-14:48:12.073143 700004b22000     Options.max_write_buffer_number_to_maintain: 2
2019/12/13-14:48:12.073144 700004b22000            Options.bottommost_compression_opts.window_bits: -14
2019/12/13-14:48:12.073144 700004b22000                  Options.bottommost_compression_opts.level: 32767
2019/12/13-14:48:12.073145 700004b22000               Options.bottommost_compression_opts.strategy: 0
2019/12/13-14:48:12.073146 700004b22000         Options.bottommost_compression_opts.max_dict_bytes: 0
2019/12/13-14:48:12.073147 700004b22000         Options.bottommost_compression_opts.zstd_max_train_bytes: 0
2019/12/13-14:48:12.073148 700004b22000                  Options.bottommost_compression_opts.enabled: false
2019/12/13-14:48:12.073149 700004b22000            Options.compression_opts.window_bits: -14
2019/12/13-14:48:12.073150 700004b22000                  Options.compression_opts.level: 32767
2019/12/13-14:48:12.073150 700004b22000               Options.compression_opts.strategy: 0
2019/12/13-14:48:12.073151 700004b22000         Options.compression_opts.max_dict_bytes: 0
2019/12/13-14:48:12.073152 700004b22000         Options.compression_opts.zstd_max_train_bytes: 0
2019/12/13-14:48:12.073153 700004b22000                  Options.compression_opts.enabled: false
2019/12/13-14:48:12.073154 700004b22000      Options.level0_file_num_compaction_trigger: 4
2019/12/13-14:48:12.073154 700004b22000          Options.level0_slowdown_writes_trigger: 20
2019/12/13-14:48:12.073155 700004b22000              Options.level0_stop_writes_trigger: 36
2019/12/13-14:48:12.073156 700004b22000                   Options.target_file_size_base: 67108864
2019/12/13-14:48:12.073157 700004b22000             Options.target_file_size_multiplier: 1
2019/12/13-14:48:12.073158 700004b22000                Options.max_bytes_for_level_base: 268435456
2019/12/13-14:48:12.073158 700004b22000                      Options.snap_refresh_nanos: 0
2019/12/13-14:48:12.073172 700004b22000 Options.level_compaction_dynamic_level_bytes: 0
2019/12/13-14:48:12.073173 700004b22000          Options.max_bytes_for_level_multiplier: 10.000000
2019/12/13-14:48:12.073174 700004b22000 Options.max_bytes_for_level_multiplier_addtl[0]: 1
2019/12/13-14:48:12.073175 700004b22000 Options.max_bytes_for_level_multiplier_addtl[1]: 1
2019/12/13-14:48:12.073176 700004b22000 Options.max_bytes_for_level_multiplier_addtl[2]: 1
2019/12/13-14:48:12.073177 700004b22000 Options.max_bytes_for_level_multiplier_addtl[3]: 1
2019/12/13-14:48:12.073178 700004b22000 Options.max_bytes_for_level_multiplier_addtl[4]: 1
2019/12/13-14:48:12.073178 700004b22000 Options.max_bytes_for_level_multiplier_addtl[5]: 1
2019/12/13-14:48:12.073179 700004b22000 Options.max_bytes_for_level_multiplier_addtl[6]: 1
2019/12/13-14:48:12.073180 700004b22000       Options.max_sequential_skip_in_iterations: 8
2019/12/13-14:48:12.073181 700004b22000                    Options.max_compaction_bytes: 1677721600
2019/12/13-14:48:12.073182 700004b22000                        Options.arena_block_size: 8388608
2019/12/13-14:48:12.073182 700004b22000   Options.soft_pending_compaction_bytes_limit: 68719476736
2019/12/13-14:48:12.073183 700004b22000   Options.hard_pending_compaction_bytes_limit: 274877906944
2019/12/13-14:48:12.073184 700004b22000       Options.rate_limit_delay_max_milliseconds: 100
2019/12/13-14:48:12.073185 700004b22000                Options.disable_auto_compactions: 1
2019/12/13-14:48:12.073186 700004b22000                        Options.compaction_style: kCompactionStyleLevel
2019/12/13-14:48:12.073187 700004b22000                          Options.compaction_pri: kMinOverlappingRatio
2019/12/13-14:48:12.073188 700004b22000 Options.compaction_options_universal.size_ratio: 1
2019/12/13-14:48:12.073189 700004b22000 Options.compaction_options_universal.min_merge_width: 2
2019/12/13-14:48:12.073189 700004b22000 Options.compaction_options_universal.max_merge_width: 4294967295
2019/12/13-14:48:12.073190 700004b22000 Options.compaction_options_universal.max_size_amplification_percent: 200
2019/12/13-14:48:12.073191 700004b22000 Options.compaction_options_universal.compression_size_percent: -1
2019/12/13-14:48:12.073192 700004b22000 Options.compaction_options_universal.stop_style: kCompactionStopStyleTotalSize
2019/12/13-14:48:12.073193 700004b22000 Options.compaction_options_fifo.max_table_files_size: 1073741824
2019/12/13-14:48:12.073194 700004b22000 Options.compaction_options_fifo.allow_compaction: 0
2019/12/13-14:48:12.073195 700004b22000                   Options.table_properties_collectors: 
2019/12/13-14:48:12.073195 700004b22000                   Options.inplace_update_support: 0
2019/12/13-14:48:12.073196 700004b22000                 Options.inplace_update_num_locks: 10000
2019/12/13-14:48:12.073197 700004b22000               Options.memtable_prefix_bloom_size_ratio: 0.000000
2019/12/13-14:48:12.073198 700004b22000               Options.memtable_whole_key_filtering: 0
2019/12/13-14:48:12.073199 700004b22000   Options.memtable_huge_page_size: 0
2019/12/13-14:48:12.073200 700004b22000                           Options.bloom_locality: 0
2019/12/13-14:48:12.073200 700004b22000                    Options.max_successive_merges: 0
2019/12/13-14:48:12.073201 700004b22000                Options.optimize_filters_for_hits: 0
2019/12/13-14:48:12.073202 700004b22000                Options.paranoid_file_checks: 0
2019/12/13-14:48:12.073203 700004b22000                Options.force_consistency_checks: 0
2019/12/13-14:48:12.073203 700004b22000                Options.report_bg_io_stats: 0
2019/12/13-14:48:12.073204 700004b22000                               Options.ttl: 0
2019/12/13-14:48:12.073205 700004b22000          Options.periodic_compaction_seconds: 0
2019/12/13-14:48:12.073226 700004b22000 [/column_family.cc:482] --------------- Options for column family []:
2019/12/13-14:48:12.073227 700004b22000               Options.comparator: leveldb.BytewiseComparator
2019/12/13-14:48:12.073241 700004b22000           Options.merge_operator: None
2019/12/13-14:48:12.073242 700004b22000        Options.compaction_filter: None
2019/12/13-14:48:12.073243 700004b22000        Options.compaction_filter_factory: None
2019/12/13-14:48:12.073244 700004b22000         Options.memtable_factory: SkipListFactory
2019/12/13-14:48:12.073245 700004b22000            Options.table_factory: BlockBasedTable
2019/12/13-14:48:12.073255 700004b22000            table_factory options:   flush_block_policy_factory: FlushBlockBySizePolicyFactory (0x7ff18eeeb200)
  cache_index_and_filter_blocks: 0
  cache_index_and_filter_blocks_with_high_priority: 0
  pin_l0_filter_and_index_blocks_in_cache: 0
  pin_top_level_index_and_filter: 1
  index_type: 0
  data_block_index_type: 0
  index_shortening: 1
  data_block_hash_table_util_ratio: 0.750000
  hash_index_allow_collision: 1
  checksum: 1
  no_block_cache: 0
  block_cache: 0x7ff18eeebea8
  block_cache_name: LRUCache
  block_cache_options:
    capacity : 8388608
    num_shard_bits : 4
    strict_capacity_limit : 0
    memory_allocator : None
    high_pri_pool_ratio: 0.000
  block_cache_compressed: 0x0
  persistent_cache: 0x0
  block_size: 4096
  block_size_deviation: 10
  block_restart_interval: 16
  index_block_restart_interval: 1
  metadata_block_size: 4096
  partition_filters: 0
  use_delta_encoding: 1
  filter_policy: nullptr
  whole_key_filtering: 1
  verify_compression: 0
  read_amp_bytes_per_bit: 0
  format_version: 2
  enable_index_compression: 1
  block_align: 0
2019/12/13-14:48:12.073257 700004b22000        Options.write_buffer_size: 67108864
2019/12/13-14:48:12.073258 700004b22000  Options.max_write_buffer_number: 2
2019/12/13-14:48:12.073258 700004b22000          Options.compression: Snappy
2019/12/13-14:48:12.073259 700004b22000                  Options.bottommost_compression: Disabled
2019/12/13-14:48:12.073260 700004b22000       Options.prefix_extractor: nullptr
2019/12/13-14:48:12.073261 700004b22000   Options.memtable_insert_with_hint_prefix_extractor: nullptr
2019/12/13-14:48:12.073262 700004b22000             Options.num_levels: 7
2019/12/13-14:48:12.073263 700004b22000        Options.min_write_buffer_number_to_merge: 1
2019/12/13-14:48:12.073263 700004b22000     Options.max_write_buffer_number_to_maintain: 2
2019/12/13-14:48:12.073264 700004b22000            Options.bottommost_compression_opts.window_bits: -14
2019/12/13-14:48:12.073265 700004b22000                  Options.bottommost_compression_opts.level: 32767
2019/12/13-14:48:12.073266 700004b22000               Options.bottommost_compression_opts.strategy: 0
2019/12/13-14:48:12.073267 700004b22000         Options.bottommost_compression_opts.max_dict_bytes: 0
2019/12/13-14:48:12.073267 700004b22000         Options.bottommost_compression_opts.zstd_max_train_bytes: 0
2019/12/13-14:48:12.073268 700004b22000                  Options.bottommost_compression_opts.enabled: false
2019/12/13-14:48:12.073269 700004b22000            Options.compression_opts.window_bits: -14
2019/12/13-14:48:12.073270 700004b22000                  Options.compression_opts.level: 32767
2019/12/13-14:48:12.073271 700004b22000               Options.compression_opts.strategy: 0
2019/12/13-14:48:12.073272 700004b22000         Options.compression_opts.max_dict_bytes: 0
2019/12/13-14:48:12.073272 700004b22000         Options.compression_opts.zstd_max_train_bytes: 0
2019/12/13-14:48:12.073273 700004b22000                  Options.compression_opts.enabled: false
2019/12/13-14:48:12.073274 700004b22000      Options.level0_file_num_compaction_trigger: 4
2019/12/13-14:48:12.073275 700004b22000          Options.level0_slowdown_writes_trigger: 20
2019/12/13-14:48:12.073276 700004b22000              Options.level0_stop_writes_trigger: 36
2019/12/13-14:48:12.073276 700004b22000                   Options.target_file_size_base: 67108864
2019/12/13-14:48:12.073277 700004b22000             Options.target_file_size_multiplier: 1
2019/12/13-14:48:12.073278 700004b22000                Options.max_bytes_for_level_base: 268435456
2019/12/13-14:48:12.073279 700004b22000                      Options.snap_refresh_nanos: 0
2019/12/13-14:48:12.073295 700004b22000 Options.level_compaction_dynamic_level_bytes: 0
2019/12/13-14:48:12.073297 700004b22000          Options.max_bytes_for_level_multiplier: 10.000000
2019/12/13-14:48:12.073299 700004b22000 Options.max_bytes_for_level_multiplier_addtl[0]: 1
2019/12/13-14:48:12.073300 700004b22000 Options.max_bytes_for_level_multiplier_addtl[1]: 1
2019/12/13-14:48:12.073302 700004b22000 Options.max_bytes_for_level_multiplier_addtl[2]: 1
2019/12/13-14:48:12.073303 700004b22000 Options.max_bytes_for_level_multiplier_addtl[3]: 1
2019/12/13-14:48:12.073304 700004b22000 Options.max_bytes_for_level_multiplier_addtl[4]: 1
2019/12/13-14:48:12.073305 700004b22000 Options.max_bytes_for_level_multiplier_addtl[5]: 1
2019/12/13-14:48:12.073307 700004b22000 Options.max_bytes_for_level_multiplier_addtl[6]: 1
2019/12/13-14:48:12.073308 700004b22000       Options.max_sequential_skip_in_iterations: 8
2019/12/13-14:48:12.073310 700004b22000                    Options.max_compaction_bytes: 1677721600
2019/12/13-14:48:12.073311 700004b22000                        Options.arena_block_size: 8388608
2019/12/13-14:48:12.073312 700004b22000   Options.soft_pending_compaction_bytes_limit: 68719476736
2019/12/13-14:48:12.073313 700004b22000   Options.hard_pending_compaction_bytes_limit: 274877906944
2019/12/13-14:48:12.073315 700004b22000       Options.rate_limit_delay_max_milliseconds: 100
2019/12/13-14:48:12.073316 700004b22000                Options.disable_auto_compactions: 1
2019/12/13-14:48:12.073317 700004b22000                        Options.compaction_style: kCompactionStyleLevel
2019/12/13-14:48:12.073319 700004b22000                          Options.compaction_pri: kMinOverlappingRatio
2019/12/13-14:48:12.073320 700004b22000 Options.compaction_options_universal.size_ratio: 1
2019/12/13-14:48:12.073321 700004b22000 Options.compaction_options_universal.min_merge_width: 2
2019/12/13-14:48:12.073322 700004b22000 Options.compaction_options_universal.max_merge_width: 4294967295
2019/12/13-14:48:12.073324 700004b22000 Options.compaction_options_universal.max_size_amplification_percent: 200
2019/12/13-14:48:12.073325 700004b22000 Options.compaction_options_universal.compression_size_percent: -1
2019/12/13-14:48:12.073327 700004b22000 Options.compaction_options_universal.stop_style: kCompactionStopStyleTotalSize
2019/12/13-14:48:12.073328 700004b22000 Options.compaction_options_fifo.max_table_files_size: 1073741824
2019/12/13-14:48:12.073329 700004b22000 Options.compaction_options_fifo.allow_compaction: 0
2019/12/13-14:48:12.073331 700004b22000                   Options.table_properties_collectors: 
2019/12/13-14:48:12.073332 700004b22000                   Options.inplace_update_support: 0
2019/12/13-14:48:12.073333 700004b22000                 Options.inplace_update_num_locks: 10000
2019/12/13-14:48:12.073334 700004b22000               Options.memtable_prefix_bloom_size_ratio: 0.000000
2019/12/13-14:48:12.073335 700004b22000               Options.memtable_whole_key_filtering: 0
2019/12/13-14:48:12.073336 700004b22000   Options.memtable_huge_page_size: 0
2019/12/13-14:48:12.073338 700004b22000                           Options.bloom_locality: 0
2019/12/13-14:48:12.073339 700004b22000                    Options.max_successive_merges: 0
2019/12/13-14:48:12.073340 700004b22000                Options.optimize_filters_for_hits: 0
2019/12/13-14:48:12.073341 700004b22000                Options.paranoid_file_checks: 0
2019/12/13-14:48:12.073343 700004b22000                Options.force_consistency_checks: 0
2019/12/13-14:48:12.073344 700004b22000                Options.report_bg_io_stats: 0
2019/12/13-14:48:12.073345 700004b22000                               Options.ttl: 0
2019/12/13-14:48:12.073346 700004b22000          Options.periodic_compaction_seconds: 0
2019/12/13-14:48:12.073386 700004b22000 [/column_family.cc:482] --------------- Options for column family []:
2019/12/13-14:48:12.073388 700004b22000               Options.comparator: leveldb.BytewiseComparator
2019/12/13-14:48:12.073409 700004b22000           Options.merge_operator: None
2019/12/13-14:48:12.073411 700004b22000        Options.compaction_filter: None
2019/12/13-14:48:12.073412 700004b22000        Options.compaction_filter_factory: None
2019/12/13-14:48:12.073414 700004b22000         Options.memtable_factory: SkipListFactory
2019/12/13-14:48:12.073415 700004b22000            Options.table_factory: BlockBasedTable
2019/12/13-14:48:12.073427 700004b22000            table_factory options:   flush_block_policy_factory: FlushBlockBySizePolicyFactory (0x7ff18eeebf80)
  cache_index_and_filter_blocks: 0
  cache_index_and_filter_blocks_with_high_priority: 0
  pin_l0_filter_and_index_blocks_in_cache: 0
  pin_top_level_index_and_filter: 1
  index_type: 0
  data_block_index_type: 0
  index_shortening: 1
  data_block_hash_table_util_ratio: 0.750000
  hash_index_allow_collision: 1
  checksum: 1
  no_block_cache: 0
  block_cache: 0x7ff18eeed048
  block_cache_name: LRUCache
  block_cache_options:
    capacity : 8388608
    num_shard_bits : 4
    strict_capacity_limit : 0
    memory_allocator : None
    high_pri_pool_ratio: 0.000
  block_cache_compressed: 0x0
  persistent_cache: 0x0
  block_size: 4096
  block_size_deviation: 10
  block_restart_interval: 16
  index_block_restart_interval: 1
  metadata_block_size: 4096
  partition_filters: 0
  use_delta_encoding: 1
  filter_policy: nullptr
  whole_key_filtering: 1
  verify_compression: 0
  read_amp_bytes_per_bit: 0
  format_version: 2
  enable_index_compression: 1
  block_align: 0
2019/12/13-14:48:12.073430 700004b22000        Options.write_buffer_size: 67108864
2019/12/13-14:48:12.073432 700004b22000  Options.max_write_buffer_number: 2
2019/12/13-14:48:12.073433 700004b22000          Options.compression: Snappy
2019/12/13-14:48:12.073435 700004b22000                  Options.bottommost_compression: Disabled
2019/12/13-14:48:12.073436 700004b22000       Options.prefix_extractor: nullptr
2019/12/13-14:48:12.073437 700004b22000   Options.memtable_insert_with_hint_prefix_extractor: nullptr
2019/12/13-14:48:12.073439 700004b22000             Options.num_levels: 7
2019/12/13-14:48:12.073440 700004b22000        Options.min_write_buffer_number_to_merge: 1
2019/12/13-14:48:12.073441 700004b22000     Options.max_write_buffer_number_to_maintain: 2
2019/12/13-14:48:12.073442 700004b22000            Options.bottommost_compression_opts.window_bits: -14
2019/12/13-14:48:12.073444 700004b22000                  Options.bottommost_compression_opts.level: 32767
2019/12/13-14:48:12.073445 700004b22000               Options.bottommost_compression_opts.strategy: 0
2019/12/13-14:48:12.073446 700004b22000         Options.bottommost_compression_opts.max_dict_bytes: 0
2019/12/13-14:48:12.073447 700004b22000         Options.bottommost_compression_opts.zstd_max_train_bytes: 0
2019/12/13-14:48:12.073448 700004b22000                  Options.bottommost_compression_opts.enabled: false
2019/12/13-14:48:12.073450 700004b22000            Options.compression_opts.window_bits: -14
2019/12/13-14:48:12.073451 700004b22000                  Options.compression_opts.level: 32767
2019/12/13-14:48:12.073452 700004b22000               Options.compression_opts.strategy: 0
2019/12/13-14:48:12.073453 700004b22000         Options.compression_opts.max_dict_bytes: 0
2019/12/13-14:48:12.073454 700004b22000         Options.compression_opts.zstd_max_train_bytes: 0
2019/12/13-14:48:12.073456 700004b22000                  Options.compression_opts.enabled: false
2019/12/13-14:48:12.073457 700004b22000      Options.level0_file_num_compaction_trigger: 4
2019/12/13-14:48:12.073458 700004b22000          Options.level0_slowdown_writes_trigger: 20
2019/12/13-14:48:12.073459 700004b22000              Options.level0_stop_writes_trigger: 36
2019/12/13-14:48:12.073461 700004b22000                   Options.target_file_size_base: 67108864
2019/12/13-14:48:12.073462 700004b22000             Options.target_file_size_multiplier: 1
2019/12/13-14:48:12.073463 700004b22000                Options.max_bytes_for_level_base: 268435456
2019/12/13-14:48:12.073464 700004b22000                      Options.snap_refresh_nanos: 0
2019/12/13-14:48:12.073483 700004b22000 Options.level_compaction_dynamic_level_bytes: 0
2019/12/13-14:48:12.073484 700004b22000          Options.max_bytes_for_level_multiplier: 10.000000
2019/12/13-14:48:12.073486 700004b22000 Options.max_bytes_for_level_multiplier_addtl[0]: 1
2019/12/13-14:48:12.073488 700004b22000 Options.max_bytes_for_level_multiplier_addtl[1]: 1
2019/12/13-14:48:12.073489 700004b22000 Options.max_bytes_for_level_multiplier_addtl[2]: 1
2019/12/13-14:48:12.073490 700004b22000 Options.max_bytes_for_level_multiplier_addtl[3]: 1
2019/12/13-14:48:12.073491 700004b22000 Options.max_bytes_for_level_multiplier_addtl[4]: 1
2019/12/13-14:48:12.073492 700004b22000 Options.max_bytes_for_level_multiplier_addtl[5]: 1
2019/12/13-14:48:12.073494 700004b22000 Options.max_bytes_for_level_multiplier_addtl[6]: 1
2019/12/13-14:48:12.073495 700004b22000       Options.max_sequential_skip_in_iterations: 8
2019/12/13-14:48:12.073496 700004b22000                    Options.max_compaction_bytes: 1677721600
2019/12/13-14:48:12.073498 700004b22000                        Options.arena_block_size: 8388608
2019/12/13-14:48:12.073499 700004b22000   Options.soft_pending_compaction_bytes_limit: 68719476736
2019/12/13-14:48:12.073500 700004b22000   Options.hard_pending_compaction_bytes_limit: 274877906944
2019/12/13-14:48:12.073501 700004b22000       Options.rate_limit_delay_max_milliseconds: 100
2019/12/13-14:48:12.073503 700004b22000                Options.disable_auto_compactions: 1
2019/12/13-14:48:12.073504 700004b22000                        Options.compaction_style: kCompactionStyleLevel
2019/12/13-14:48:12.073506 700004b22000                          Options.compaction_pri: kMinOverlappingRatio
2019/12/13-14:48:12.073507 700004b22000 Options.compaction_options_universal.size_ratio: 1
2019/12/13-14:48:12.073508 700004b22000 Options.compaction_options_universal.min_merge_width: 2
2019/12/13-14:48:12.073509 700004b22000 Options.compaction_options_universal.max_merge_width: 4294967295
2019/12/13-14:48:12.073511 700004b22000 Options.compaction_options_universal.max_size_amplification_percent: 200
2019/12/13-14:48:12.073512 700004b22000 Options.compaction_options_universal.compression_size_percent: -1
2019/12/13-14:48:12.073514 700004b22000 Options.compaction_options_universal.stop_style: kCompactionStopStyleTotalSize
2019/12/13-14:48:12.073515 700004b22000 Options.compaction_options_fifo.max_table_files_size: 1073741824
2019/12/13-14:48:12.073516 700004b22000 Options.compaction_options_fifo.allow_compaction: 0
2019/12/13-14:48:12.073518 700004b22000                   Options.table_properties_collectors: 
2019/12/13-14:48:12.073519 700004b22000                   Options.inplace_update_support: 0
2019/12/13-14:48:12.073520 700004b22000                 Options.inplace_update_num_locks: 10000
2019/12/13-14:48:12.073522 700004b22000               Options.memtable_prefix_bloom_size_ratio: 0.000000
