2019/12/13-14:14:45.302113 70000b489000 RocksDB version: 6.2.4
2019/12/13-14:14:45.302165 70000b489000 Git sha rocksdb_build_git_sha:76a56d89a7740f8dbb01edabf1ea5abc95a67657
2019/12/13-14:14:45.302168 70000b489000 Compile date Oct 10 2019
2019/12/13-14:14:45.302169 70000b489000 DB SUMMARY
2019/12/13-14:14:45.302228 70000b489000 CURRENT file:  CURRENT
2019/12/13-14:14:45.302230 70000b489000 IDENTITY file:  IDENTITY
2019/12/13-14:14:45.302235 70000b489000 MANIFEST file:  MANIFEST-000028 size: 661 Bytes
2019/12/13-14:14:45.302237 70000b489000 SST files in /Users/marcuswardlow/Development/clique-network/node-1/data/database dir, Total Num: 2, files: 000029.sst 000030.sst 
2019/12/13-14:14:45.302238 70000b489000 Write Ahead Log file in /Users/marcuswardlow/Development/clique-network/node-1/data/database: 000003.log size: 7364 ; 000031.log size: 2559 ; 
2019/12/13-14:14:45.302240 70000b489000                         Options.error_if_exists: 0
2019/12/13-14:14:45.302243 70000b489000                       Options.create_if_missing: 1
2019/12/13-14:14:45.302244 70000b489000                         Options.paranoid_checks: 1
2019/12/13-14:14:45.302245 70000b489000                                     Options.env: 0x12d40a368
2019/12/13-14:14:45.302246 70000b489000                                Options.info_log: 0x7f91fab2d480
2019/12/13-14:14:45.302247 70000b489000                Options.max_file_opening_threads: 16
2019/12/13-14:14:45.302247 70000b489000                              Options.statistics: 0x7f91fac02210
2019/12/13-14:14:45.302248 70000b489000                               Options.use_fsync: 0
2019/12/13-14:14:45.302249 70000b489000                       Options.max_log_file_size: 0
2019/12/13-14:14:45.302250 70000b489000                  Options.max_manifest_file_size: 1073741824
2019/12/13-14:14:45.302251 70000b489000                   Options.log_file_time_to_roll: 0
2019/12/13-14:14:45.302252 70000b489000                       Options.keep_log_file_num: 1000
2019/12/13-14:14:45.302252 70000b489000                    Options.recycle_log_file_num: 0
2019/12/13-14:14:45.302253 70000b489000                         Options.allow_fallocate: 1
2019/12/13-14:14:45.302254 70000b489000                        Options.allow_mmap_reads: 0
2019/12/13-14:14:45.302255 70000b489000                       Options.allow_mmap_writes: 0
2019/12/13-14:14:45.302256 70000b489000                        Options.use_direct_reads: 0
2019/12/13-14:14:45.302256 70000b489000                        Options.use_direct_io_for_flush_and_compaction: 0
2019/12/13-14:14:45.302257 70000b489000          Options.create_missing_column_families: 1
2019/12/13-14:14:45.302258 70000b489000                              Options.db_log_dir: 
2019/12/13-14:14:45.302259 70000b489000                                 Options.wal_dir: /Users/marcuswardlow/Development/clique-network/node-1/data/database
2019/12/13-14:14:45.302260 70000b489000                Options.table_cache_numshardbits: 6
2019/12/13-14:14:45.302260 70000b489000                      Options.max_subcompactions: 1
2019/12/13-14:14:45.302261 70000b489000                  Options.max_background_flushes: -1
2019/12/13-14:14:45.302262 70000b489000                         Options.WAL_ttl_seconds: 0
2019/12/13-14:14:45.302263 70000b489000                       Options.WAL_size_limit_MB: 0
2019/12/13-14:14:45.302264 70000b489000             Options.manifest_preallocation_size: 4194304
2019/12/13-14:14:45.302265 70000b489000                     Options.is_fd_close_on_exec: 1
2019/12/13-14:14:45.302265 70000b489000                   Options.advise_random_on_open: 1
2019/12/13-14:14:45.302266 70000b489000                    Options.db_write_buffer_size: 0
2019/12/13-14:14:45.302267 70000b489000                    Options.write_buffer_manager: 0x7f91fab2cd50
2019/12/13-14:14:45.302268 70000b489000         Options.access_hint_on_compaction_start: 1
2019/12/13-14:14:45.302269 70000b489000  Options.new_table_reader_for_compaction_inputs: 0
2019/12/13-14:14:45.302269 70000b489000           Options.random_access_max_buffer_size: 1048576
2019/12/13-14:14:45.302270 70000b489000                      Options.use_adaptive_mutex: 0
2019/12/13-14:14:45.302289 70000b489000                            Options.rate_limiter: 0x0
2019/12/13-14:14:45.302290 70000b489000     Options.sst_file_manager.rate_bytes_per_sec: 0
2019/12/13-14:14:45.302291 70000b489000                       Options.wal_recovery_mode: 2
2019/12/13-14:14:45.302292 70000b489000                  Options.enable_thread_tracking: 0
2019/12/13-14:14:45.302295 70000b489000                  Options.enable_pipelined_write: 0
2019/12/13-14:14:45.302296 70000b489000         Options.allow_concurrent_memtable_write: 1
2019/12/13-14:14:45.302296 70000b489000      Options.enable_write_thread_adaptive_yield: 1
2019/12/13-14:14:45.302297 70000b489000             Options.write_thread_max_yield_usec: 100
2019/12/13-14:14:45.302298 70000b489000            Options.write_thread_slow_yield_usec: 3
2019/12/13-14:14:45.302299 70000b489000                               Options.row_cache: None
2019/12/13-14:14:45.302300 70000b489000                              Options.wal_filter: None
2019/12/13-14:14:45.302301 70000b489000             Options.avoid_flush_during_recovery: 0
2019/12/13-14:14:45.302301 70000b489000             Options.allow_ingest_behind: 0
2019/12/13-14:14:45.302302 70000b489000             Options.preserve_deletes: 0
2019/12/13-14:14:45.302303 70000b489000             Options.two_write_queues: 0
2019/12/13-14:14:45.302304 70000b489000             Options.manual_wal_flush: 0
2019/12/13-14:14:45.302304 70000b489000             Options.atomic_flush: 0
2019/12/13-14:14:45.302305 70000b489000             Options.avoid_unnecessary_blocking_io: 0
2019/12/13-14:14:45.302306 70000b489000             Options.max_background_jobs: 2
2019/12/13-14:14:45.302307 70000b489000             Options.max_background_compactions: 4
2019/12/13-14:14:45.302308 70000b489000             Options.avoid_flush_during_shutdown: 0
2019/12/13-14:14:45.302308 70000b489000           Options.writable_file_max_buffer_size: 1048576
2019/12/13-14:14:45.302309 70000b489000             Options.delayed_write_rate : 16777216
2019/12/13-14:14:45.302310 70000b489000             Options.max_total_wal_size: 0
2019/12/13-14:14:45.302311 70000b489000             Options.delete_obsolete_files_period_micros: 21600000000
2019/12/13-14:14:45.302312 70000b489000                   Options.stats_dump_period_sec: 600
2019/12/13-14:14:45.302313 70000b489000                 Options.stats_persist_period_sec: 600
2019/12/13-14:14:45.302313 70000b489000                 Options.stats_history_buffer_size: 1048576
2019/12/13-14:14:45.302314 70000b489000                          Options.max_open_files: 1024
2019/12/13-14:14:45.302315 70000b489000                          Options.bytes_per_sync: 0
2019/12/13-14:14:45.302316 70000b489000                      Options.wal_bytes_per_sync: 0
2019/12/13-14:14:45.302316 70000b489000                   Options.strict_bytes_per_sync: 0
2019/12/13-14:14:45.302317 70000b489000       Options.compaction_readahead_size: 0
2019/12/13-14:14:45.302318 70000b489000 Compression algorithms supported:
2019/12/13-14:14:45.302321 70000b489000 	kZSTD supported: 1
2019/12/13-14:14:45.302323 70000b489000 	kZlibCompression supported: 1
2019/12/13-14:14:45.302323 70000b489000 	kXpressCompression supported: 0
2019/12/13-14:14:45.302324 70000b489000 	kSnappyCompression supported: 1
2019/12/13-14:14:45.302325 70000b489000 	kZSTDNotFinalCompression supported: 1
2019/12/13-14:14:45.302326 70000b489000 	kLZ4HCCompression supported: 1
2019/12/13-14:14:45.302327 70000b489000 	kLZ4Compression supported: 1
2019/12/13-14:14:45.302328 70000b489000 	kBZip2Compression supported: 1
2019/12/13-14:14:45.302332 70000b489000 Fast CRC32 supported: Not supported on x86
2019/12/13-14:14:45.302488 70000b489000 [/version_set.cc:4053] Recovering from manifest file: /Users/marcuswardlow/Development/clique-network/node-1/data/database/MANIFEST-000028
2019/12/13-14:14:45.302531 70000b489000 [/column_family.cc:482] --------------- Options for column family [default]:
2019/12/13-14:14:45.302533 70000b489000               Options.comparator: leveldb.BytewiseComparator
2019/12/13-14:14:45.302551 70000b489000           Options.merge_operator: None
2019/12/13-14:14:45.302552 70000b489000        Options.compaction_filter: None
2019/12/13-14:14:45.302553 70000b489000        Options.compaction_filter_factory: None
2019/12/13-14:14:45.302554 70000b489000         Options.memtable_factory: SkipListFactory
2019/12/13-14:14:45.302555 70000b489000            Options.table_factory: BlockBasedTable
2019/12/13-14:14:45.302575 70000b489000            table_factory options:   flush_block_policy_factory: FlushBlockBySizePolicyFactory (0x7f91fac03130)
  cache_index_and_filter_blocks: 0
  cache_index_and_filter_blocks_with_high_priority: 0
  pin_l0_filter_and_index_blocks_in_cache: 0
  pin_top_level_index_and_filter: 1
  index_type: 0
  data_block_index_type: 0
  index_shortening: 1
  data_block_hash_table_util_ratio: 0.750000
  hash_index_allow_collision: 1
  checksum: 1
  no_block_cache: 0
  block_cache: 0x7f91fac02998
  block_cache_name: LRUCache
  block_cache_options:
    capacity : 8388608
    num_shard_bits : 4
    strict_capacity_limit : 0
    memory_allocator : None
    high_pri_pool_ratio: 0.000
  block_cache_compressed: 0x0
  persistent_cache: 0x0
  block_size: 4096
  block_size_deviation: 10
  block_restart_interval: 16
  index_block_restart_interval: 1
  metadata_block_size: 4096
  partition_filters: 0
  use_delta_encoding: 1
  filter_policy: nullptr
  whole_key_filtering: 1
  verify_compression: 1
  read_amp_bytes_per_bit: 0
  format_version: 2
  enable_index_compression: 1
  block_align: 0
2019/12/13-14:14:45.302578 70000b489000        Options.write_buffer_size: 67108864
2019/12/13-14:14:45.302579 70000b489000  Options.max_write_buffer_number: 2
2019/12/13-14:14:45.302580 70000b489000          Options.compression: Snappy
2019/12/13-14:14:45.302580 70000b489000                  Options.bottommost_compression: Disabled
2019/12/13-14:14:45.302581 70000b489000       Options.prefix_extractor: nullptr
2019/12/13-14:14:45.302582 70000b489000   Options.memtable_insert_with_hint_prefix_extractor: nullptr
2019/12/13-14:14:45.302583 70000b489000             Options.num_levels: 7
2019/12/13-14:14:45.302584 70000b489000        Options.min_write_buffer_number_to_merge: 1
2019/12/13-14:14:45.302585 70000b489000     Options.max_write_buffer_number_to_maintain: 2
2019/12/13-14:14:45.302585 70000b489000            Options.bottommost_compression_opts.window_bits: -14
2019/12/13-14:14:45.302586 70000b489000                  Options.bottommost_compression_opts.level: 32767
2019/12/13-14:14:45.302587 70000b489000               Options.bottommost_compression_opts.strategy: 0
2019/12/13-14:14:45.302588 70000b489000         Options.bottommost_compression_opts.max_dict_bytes: 0
2019/12/13-14:14:45.302589 70000b489000         Options.bottommost_compression_opts.zstd_max_train_bytes: 0
2019/12/13-14:14:45.302590 70000b489000                  Options.bottommost_compression_opts.enabled: false
2019/12/13-14:14:45.302591 70000b489000            Options.compression_opts.window_bits: -14
2019/12/13-14:14:45.302591 70000b489000                  Options.compression_opts.level: 32767
2019/12/13-14:14:45.302592 70000b489000               Options.compression_opts.strategy: 0
2019/12/13-14:14:45.302593 70000b489000         Options.compression_opts.max_dict_bytes: 0
2019/12/13-14:14:45.302594 70000b489000         Options.compression_opts.zstd_max_train_bytes: 0
2019/12/13-14:14:45.302595 70000b489000                  Options.compression_opts.enabled: false
2019/12/13-14:14:45.302595 70000b489000      Options.level0_file_num_compaction_trigger: 4
2019/12/13-14:14:45.302596 70000b489000          Options.level0_slowdown_writes_trigger: 20
2019/12/13-14:14:45.302597 70000b489000              Options.level0_stop_writes_trigger: 36
2019/12/13-14:14:45.302600 70000b489000                   Options.target_file_size_base: 67108864
2019/12/13-14:14:45.302601 70000b489000             Options.target_file_size_multiplier: 1
2019/12/13-14:14:45.302602 70000b489000                Options.max_bytes_for_level_base: 268435456
2019/12/13-14:14:45.302615 70000b489000                      Options.snap_refresh_nanos: 0
2019/12/13-14:14:45.302616 70000b489000 Options.level_compaction_dynamic_level_bytes: 0
2019/12/13-14:14:45.302617 70000b489000          Options.max_bytes_for_level_multiplier: 10.000000
2019/12/13-14:14:45.302618 70000b489000 Options.max_bytes_for_level_multiplier_addtl[0]: 1
2019/12/13-14:14:45.302619 70000b489000 Options.max_bytes_for_level_multiplier_addtl[1]: 1
2019/12/13-14:14:45.302620 70000b489000 Options.max_bytes_for_level_multiplier_addtl[2]: 1
2019/12/13-14:14:45.302621 70000b489000 Options.max_bytes_for_level_multiplier_addtl[3]: 1
2019/12/13-14:14:45.302622 70000b489000 Options.max_bytes_for_level_multiplier_addtl[4]: 1
2019/12/13-14:14:45.302623 70000b489000 Options.max_bytes_for_level_multiplier_addtl[5]: 1
2019/12/13-14:14:45.302623 70000b489000 Options.max_bytes_for_level_multiplier_addtl[6]: 1
2019/12/13-14:14:45.302624 70000b489000       Options.max_sequential_skip_in_iterations: 8
2019/12/13-14:14:45.302625 70000b489000                    Options.max_compaction_bytes: 1677721600
2019/12/13-14:14:45.302626 70000b489000                        Options.arena_block_size: 8388608
2019/12/13-14:14:45.302627 70000b489000   Options.soft_pending_compaction_bytes_limit: 68719476736
2019/12/13-14:14:45.302627 70000b489000   Options.hard_pending_compaction_bytes_limit: 274877906944
2019/12/13-14:14:45.302628 70000b489000       Options.rate_limit_delay_max_milliseconds: 100
2019/12/13-14:14:45.302629 70000b489000                Options.disable_auto_compactions: 1
2019/12/13-14:14:45.302630 70000b489000                        Options.compaction_style: kCompactionStyleLevel
2019/12/13-14:14:45.302631 70000b489000                          Options.compaction_pri: kMinOverlappingRatio
2019/12/13-14:14:45.302632 70000b489000 Options.compaction_options_universal.size_ratio: 1
2019/12/13-14:14:45.302633 70000b489000 Options.compaction_options_universal.min_merge_width: 2
2019/12/13-14:14:45.302634 70000b489000 Options.compaction_options_universal.max_merge_width: 4294967295
2019/12/13-14:14:45.302637 70000b489000 Options.compaction_options_universal.max_size_amplification_percent: 200
2019/12/13-14:14:45.302638 70000b489000 Options.compaction_options_universal.compression_size_percent: -1
2019/12/13-14:14:45.302639 70000b489000 Options.compaction_options_universal.stop_style: kCompactionStopStyleTotalSize
2019/12/13-14:14:45.302640 70000b489000 Options.compaction_options_fifo.max_table_files_size: 1073741824
2019/12/13-14:14:45.302641 70000b489000 Options.compaction_options_fifo.allow_compaction: 0
2019/12/13-14:14:45.302641 70000b489000                   Options.table_properties_collectors: 
2019/12/13-14:14:45.302642 70000b489000                   Options.inplace_update_support: 0
2019/12/13-14:14:45.302643 70000b489000                 Options.inplace_update_num_locks: 10000
2019/12/13-14:14:45.302644 70000b489000               Options.memtable_prefix_bloom_size_ratio: 0.000000
2019/12/13-14:14:45.302645 70000b489000               Options.memtable_whole_key_filtering: 0
2019/12/13-14:14:45.302646 70000b489000   Options.memtable_huge_page_size: 0
2019/12/13-14:14:45.302646 70000b489000                           Options.bloom_locality: 0
2019/12/13-14:14:45.302647 70000b489000                    Options.max_successive_merges: 0
2019/12/13-14:14:45.302648 70000b489000                Options.optimize_filters_for_hits: 0
2019/12/13-14:14:45.302649 70000b489000                Options.paranoid_file_checks: 0
2019/12/13-14:14:45.302650 70000b489000                Options.force_consistency_checks: 0
2019/12/13-14:14:45.302650 70000b489000                Options.report_bg_io_stats: 0
2019/12/13-14:14:45.302651 70000b489000                               Options.ttl: 0
2019/12/13-14:14:45.302652 70000b489000          Options.periodic_compaction_seconds: 0
2019/12/13-14:14:45.302727 70000b489000 [/column_family.cc:482] --------------- Options for column family []:
2019/12/13-14:14:45.302729 70000b489000               Options.comparator: leveldb.BytewiseComparator
2019/12/13-14:14:45.302744 70000b489000           Options.merge_operator: None
2019/12/13-14:14:45.302745 70000b489000        Options.compaction_filter: None
2019/12/13-14:14:45.302746 70000b489000        Options.compaction_filter_factory: None
2019/12/13-14:14:45.302747 70000b489000         Options.memtable_factory: SkipListFactory
2019/12/13-14:14:45.302748 70000b489000            Options.table_factory: BlockBasedTable
2019/12/13-14:14:45.302760 70000b489000            table_factory options:   flush_block_policy_factory: FlushBlockBySizePolicyFactory (0x7f91f80f7b40)
  cache_index_and_filter_blocks: 0
  cache_index_and_filter_blocks_with_high_priority: 0
  pin_l0_filter_and_index_blocks_in_cache: 0
  pin_top_level_index_and_filter: 1
  index_type: 0
  data_block_index_type: 0
  index_shortening: 1
  data_block_hash_table_util_ratio: 0.750000
  hash_index_allow_collision: 1
  checksum: 1
  no_block_cache: 0
  block_cache: 0x7f91f80f97e8
  block_cache_name: LRUCache
  block_cache_options:
    capacity : 8388608
    num_shard_bits : 4
    strict_capacity_limit : 0
    memory_allocator : None
    high_pri_pool_ratio: 0.000
  block_cache_compressed: 0x0
  persistent_cache: 0x0
  block_size: 4096
  block_size_deviation: 10
  block_restart_interval: 16
  index_block_restart_interval: 1
  metadata_block_size: 4096
  partition_filters: 0
  use_delta_encoding: 1
  filter_policy: nullptr
  whole_key_filtering: 1
  verify_compression: 0
  read_amp_bytes_per_bit: 0
  format_version: 2
  enable_index_compression: 1
  block_align: 0
2019/12/13-14:14:45.302763 70000b489000        Options.write_buffer_size: 67108864
2019/12/13-14:14:45.302763 70000b489000  Options.max_write_buffer_number: 2
2019/12/13-14:14:45.302764 70000b489000          Options.compression: Snappy
2019/12/13-14:14:45.302765 70000b489000                  Options.bottommost_compression: Disabled
2019/12/13-14:14:45.302766 70000b489000       Options.prefix_extractor: nullptr
2019/12/13-14:14:45.302767 70000b489000   Options.memtable_insert_with_hint_prefix_extractor: nullptr
2019/12/13-14:14:45.302768 70000b489000             Options.num_levels: 7
2019/12/13-14:14:45.302768 70000b489000        Options.min_write_buffer_number_to_merge: 1
2019/12/13-14:14:45.302769 70000b489000     Options.max_write_buffer_number_to_maintain: 2
2019/12/13-14:14:45.302770 70000b489000            Options.bottommost_compression_opts.window_bits: -14
2019/12/13-14:14:45.302771 70000b489000                  Options.bottommost_compression_opts.level: 32767
2019/12/13-14:14:45.302772 70000b489000               Options.bottommost_compression_opts.strategy: 0
2019/12/13-14:14:45.302772 70000b489000         Options.bottommost_compression_opts.max_dict_bytes: 0
2019/12/13-14:14:45.302773 70000b489000         Options.bottommost_compression_opts.zstd_max_train_bytes: 0
2019/12/13-14:14:45.302774 70000b489000                  Options.bottommost_compression_opts.enabled: false
2019/12/13-14:14:45.302775 70000b489000            Options.compression_opts.window_bits: -14
2019/12/13-14:14:45.302776 70000b489000                  Options.compression_opts.level: 32767
2019/12/13-14:14:45.302777 70000b489000               Options.compression_opts.strategy: 0
2019/12/13-14:14:45.302777 70000b489000         Options.compression_opts.max_dict_bytes: 0
2019/12/13-14:14:45.302778 70000b489000         Options.compression_opts.zstd_max_train_bytes: 0
2019/12/13-14:14:45.302779 70000b489000                  Options.compression_opts.enabled: false
2019/12/13-14:14:45.302780 70000b489000      Options.level0_file_num_compaction_trigger: 4
2019/12/13-14:14:45.302781 70000b489000          Options.level0_slowdown_writes_trigger: 20
2019/12/13-14:14:45.302781 70000b489000              Options.level0_stop_writes_trigger: 36
2019/12/13-14:14:45.302782 70000b489000                   Options.target_file_size_base: 67108864
2019/12/13-14:14:45.302783 70000b489000             Options.target_file_size_multiplier: 1
2019/12/13-14:14:45.302784 70000b489000                Options.max_bytes_for_level_base: 268435456
2019/12/13-14:14:45.302796 70000b489000                      Options.snap_refresh_nanos: 0
2019/12/13-14:14:45.302797 70000b489000 Options.level_compaction_dynamic_level_bytes: 0
2019/12/13-14:14:45.302798 70000b489000          Options.max_bytes_for_level_multiplier: 10.000000
2019/12/13-14:14:45.302799 70000b489000 Options.max_bytes_for_level_multiplier_addtl[0]: 1
2019/12/13-14:14:45.302800 70000b489000 Options.max_bytes_for_level_multiplier_addtl[1]: 1
2019/12/13-14:14:45.302801 70000b489000 Options.max_bytes_for_level_multiplier_addtl[2]: 1
2019/12/13-14:14:45.302801 70000b489000 Options.max_bytes_for_level_multiplier_addtl[3]: 1
2019/12/13-14:14:45.302802 70000b489000 Options.max_bytes_for_level_multiplier_addtl[4]: 1
2019/12/13-14:14:45.302803 70000b489000 Options.max_bytes_for_level_multiplier_addtl[5]: 1
2019/12/13-14:14:45.302804 70000b489000 Options.max_bytes_for_level_multiplier_addtl[6]: 1
2019/12/13-14:14:45.302805 70000b489000       Options.max_sequential_skip_in_iterations: 8
2019/12/13-14:14:45.302805 70000b489000                    Options.max_compaction_bytes: 1677721600
2019/12/13-14:14:45.302806 70000b489000                        Options.arena_block_size: 8388608
2019/12/13-14:14:45.302807 70000b489000   Options.soft_pending_compaction_bytes_limit: 68719476736
2019/12/13-14:14:45.302808 70000b489000   Options.hard_pending_compaction_bytes_limit: 274877906944
2019/12/13-14:14:45.302809 70000b489000       Options.rate_limit_delay_max_milliseconds: 100
2019/12/13-14:14:45.302810 70000b489000                Options.disable_auto_compactions: 1
2019/12/13-14:14:45.302810 70000b489000                        Options.compaction_style: kCompactionStyleLevel
2019/12/13-14:14:45.302811 70000b489000                          Options.compaction_pri: kMinOverlappingRatio
2019/12/13-14:14:45.302812 70000b489000 Options.compaction_options_universal.size_ratio: 1
2019/12/13-14:14:45.302813 70000b489000 Options.compaction_options_universal.min_merge_width: 2
2019/12/13-14:14:45.302814 70000b489000 Options.compaction_options_universal.max_merge_width: 4294967295
2019/12/13-14:14:45.302814 70000b489000 Options.compaction_options_universal.max_size_amplification_percent: 200
2019/12/13-14:14:45.302815 70000b489000 Options.compaction_options_universal.compression_size_percent: -1
2019/12/13-14:14:45.302816 70000b489000 Options.compaction_options_universal.stop_style: kCompactionStopStyleTotalSize
2019/12/13-14:14:45.302817 70000b489000 Options.compaction_options_fifo.max_table_files_size: 1073741824
2019/12/13-14:14:45.302818 70000b489000 Options.compaction_options_fifo.allow_compaction: 0
2019/12/13-14:14:45.302819 70000b489000                   Options.table_properties_collectors: 
2019/12/13-14:14:45.302820 70000b489000                   Options.inplace_update_support: 0
2019/12/13-14:14:45.302820 70000b489000                 Options.inplace_update_num_locks: 10000
2019/12/13-14:14:45.302821 70000b489000               Options.memtable_prefix_bloom_size_ratio: 0.000000
2019/12/13-14:14:45.302822 70000b489000               Options.memtable_whole_key_filtering: 0
2019/12/13-14:14:45.302823 70000b489000   Options.memtable_huge_page_size: 0
2019/12/13-14:14:45.302824 70000b489000                           Options.bloom_locality: 0
2019/12/13-14:14:45.302824 70000b489000                    Options.max_successive_merges: 0
2019/12/13-14:14:45.302825 70000b489000                Options.optimize_filters_for_hits: 0
2019/12/13-14:14:45.302826 70000b489000                Options.paranoid_file_checks: 0
2019/12/13-14:14:45.302827 70000b489000                Options.force_consistency_checks: 0
2019/12/13-14:14:45.302827 70000b489000                Options.report_bg_io_stats: 0
2019/12/13-14:14:45.302828 70000b489000                               Options.ttl: 0
2019/12/13-14:14:45.302829 70000b489000          Options.periodic_compaction_seconds: 0
2019/12/13-14:14:45.302853 70000b489000 [/column_family.cc:482] --------------- Options for column family []:
2019/12/13-14:14:45.302854 70000b489000               Options.comparator: leveldb.BytewiseComparator
2019/12/13-14:14:45.302867 70000b489000           Options.merge_operator: None
2019/12/13-14:14:45.302868 70000b489000        Options.compaction_filter: None
2019/12/13-14:14:45.302869 70000b489000        Options.compaction_filter_factory: None
2019/12/13-14:14:45.302870 70000b489000         Options.memtable_factory: SkipListFactory
2019/12/13-14:14:45.302871 70000b489000            Options.table_factory: BlockBasedTable
2019/12/13-14:14:45.302882 70000b489000            table_factory options:   flush_block_policy_factory: FlushBlockBySizePolicyFactory (0x7f91f80f4520)
  cache_index_and_filter_blocks: 0
  cache_index_and_filter_blocks_with_high_priority: 0
  pin_l0_filter_and_index_blocks_in_cache: 0
  pin_top_level_index_and_filter: 1
  index_type: 0
  data_block_index_type: 0
  index_shortening: 1
  data_block_hash_table_util_ratio: 0.750000
  hash_index_allow_collision: 1
  checksum: 1
  no_block_cache: 0
  block_cache: 0x7f91f80fa588
  block_cache_name: LRUCache
  block_cache_options:
    capacity : 8388608
    num_shard_bits : 4
    strict_capacity_limit : 0
    memory_allocator : None
    high_pri_pool_ratio: 0.000
  block_cache_compressed: 0x0
  persistent_cache: 0x0
  block_size: 4096
  block_size_deviation: 10
  block_restart_interval: 16
  index_block_restart_interval: 1
  metadata_block_size: 4096
  partition_filters: 0
  use_delta_encoding: 1
  filter_policy: nullptr
  whole_key_filtering: 1
  verify_compression: 0
  read_amp_bytes_per_bit: 0
  format_version: 2
  enable_index_compression: 1
  block_align: 0
2019/12/13-14:14:45.302884 70000b489000        Options.write_buffer_size: 67108864
2019/12/13-14:14:45.302885 70000b489000  Options.max_write_buffer_number: 2
2019/12/13-14:14:45.302886 70000b489000          Options.compression: Snappy
2019/12/13-14:14:45.302886 70000b489000                  Options.bottommost_compression: Disabled
2019/12/13-14:14:45.302887 70000b489000       Options.prefix_extractor: nullptr
2019/12/13-14:14:45.302888 70000b489000   Options.memtable_insert_with_hint_prefix_extractor: nullptr
2019/12/13-14:14:45.302889 70000b489000             Options.num_levels: 7
2019/12/13-14:14:45.302890 70000b489000        Options.min_write_buffer_number_to_merge: 1
2019/12/13-14:14:45.302891 70000b489000     Options.max_write_buffer_number_to_maintain: 2
2019/12/13-14:14:45.302891 70000b489000            Options.bottommost_compression_opts.window_bits: -14
2019/12/13-14:14:45.302892 70000b489000                  Options.bottommost_compression_opts.level: 32767
2019/12/13-14:14:45.302893 70000b489000               Options.bottommost_compression_opts.strategy: 0
2019/12/13-14:14:45.302894 70000b489000         Options.bottommost_compression_opts.max_dict_bytes: 0
2019/12/13-14:14:45.302895 70000b489000         Options.bottommost_compression_opts.zstd_max_train_bytes: 0
2019/12/13-14:14:45.302895 70000b489000                  Options.bottommost_compression_opts.enabled: false
2019/12/13-14:14:45.302896 70000b489000            Options.compression_opts.window_bits: -14
2019/12/13-14:14:45.302897 70000b489000                  Options.compression_opts.level: 32767
2019/12/13-14:14:45.302898 70000b489000               Options.compression_opts.strategy: 0
2019/12/13-14:14:45.302899 70000b489000         Options.compression_opts.max_dict_bytes: 0
2019/12/13-14:14:45.302899 70000b489000         Options.compression_opts.zstd_max_train_bytes: 0
2019/12/13-14:14:45.302900 70000b489000                  Options.compression_opts.enabled: false
2019/12/13-14:14:45.302901 70000b489000      Options.level0_file_num_compaction_trigger: 4
2019/12/13-14:14:45.302902 70000b489000          Options.level0_slowdown_writes_trigger: 20
2019/12/13-14:14:45.302903 70000b489000              Options.level0_stop_writes_trigger: 36
2019/12/13-14:14:45.302903 70000b489000                   Options.target_file_size_base: 67108864
2019/12/13-14:14:45.302904 70000b489000             Options.target_file_size_multiplier: 1
2019/12/13-14:14:45.302905 70000b489000                Options.max_bytes_for_level_base: 268435456
2019/12/13-14:14:45.302919 70000b489000                      Options.snap_refresh_nanos: 0
2019/12/13-14:14:45.302921 70000b489000 Options.level_compaction_dynamic_level_bytes: 0
2019/12/13-14:14:45.302922 70000b489000          Options.max_bytes_for_level_multiplier: 10.000000
2019/12/13-14:14:45.302923 70000b489000 Options.max_bytes_for_level_multiplier_addtl[0]: 1
2019/12/13-14:14:45.302924 70000b489000 Options.max_bytes_for_level_multiplier_addtl[1]: 1
2019/12/13-14:14:45.302924 70000b489000 Options.max_bytes_for_level_multiplier_addtl[2]: 1
2019/12/13-14:14:45.302925 70000b489000 Options.max_bytes_for_level_multiplier_addtl[3]: 1
2019/12/13-14:14:45.302926 70000b489000 Options.max_bytes_for_level_multiplier_addtl[4]: 1
2019/12/13-14:14:45.302927 70000b489000 Options.max_bytes_for_level_multiplier_addtl[5]: 1
2019/12/13-14:14:45.302928 70000b489000 Options.max_bytes_for_level_multiplier_addtl[6]: 1
2019/12/13-14:14:45.302928 70000b489000       Options.max_sequential_skip_in_iterations: 8
2019/12/13-14:14:45.302929 70000b489000                    Options.max_compaction_bytes: 1677721600
2019/12/13-14:14:45.302930 70000b489000                        Options.arena_block_size: 8388608
2019/12/13-14:14:45.302931 70000b489000   Options.soft_pending_compaction_bytes_limit: 68719476736
2019/12/13-14:14:45.302932 70000b489000   Options.hard_pending_compaction_bytes_limit: 274877906944
2019/12/13-14:14:45.302933 70000b489000       Options.rate_limit_delay_max_milliseconds: 100
2019/12/13-14:14:45.302933 70000b489000                Options.disable_auto_compactions: 1
2019/12/13-14:14:45.302934 70000b489000                        Options.compaction_style: kCompactionStyleLevel
2019/12/13-14:14:45.302935 70000b489000                          Options.compaction_pri: kMinOverlappingRatio
2019/12/13-14:14:45.302936 70000b489000 Options.compaction_options_universal.size_ratio: 1
2019/12/13-14:14:45.302937 70000b489000 Options.compaction_options_universal.min_merge_width: 2
2019/12/13-14:14:45.302937 70000b489000 Options.compaction_options_universal.max_merge_width: 4294967295
2019/12/13-14:14:45.302938 70000b489000 Options.compaction_options_universal.max_size_amplification_percent: 200
2019/12/13-14:14:45.302939 70000b489000 Options.compaction_options_universal.compression_size_percent: -1
2019/12/13-14:14:45.302940 70000b489000 Options.compaction_options_universal.stop_style: kCompactionStopStyleTotalSize
2019/12/13-14:14:45.302941 70000b489000 Options.compaction_options_fifo.max_table_files_size: 1073741824
2019/12/13-14:14:45.302942 70000b489000 Options.compaction_options_fifo.allow_compaction: 0
2019/12/13-14:14:45.302943 70000b489000                   Options.table_properties_collectors: 
2019/12/13-14:14:45.302943 70000b489000                   Options.inplace_update_support: 0
2019/12/13-14:14:45.302944 70000b489000                 Options.inplace_update_num_locks: 10000
2019/12/13-14:14:45.302945 70000b489000               Options.memtable_prefix_bloom_size_ratio: 0.000000
2019/12/13-14:14:45.302946 70000b489000               Options.memtable_whole_key_filtering: 0
2019/12/13-14:14:45.302947 70000b489000   Options.memtable_huge_page_size: 0
2019/12/13-14:14:45.302947 70000b489000                           Options.bloom_locality: 0
2019/12/13-14:14:45.302948 70000b489000                    Options.max_successive_merges: 0
2019/12/13-14:14:45.302949 70000b489000                Options.optimize_filters_for_hits: 0
2019/12/13-14:14:45.302950 70000b489000                Options.paranoid_file_checks: 0
2019/12/13-14:14:45.302951 70000b489000                Options.force_consistency_checks: 0
2019/12/13-14:14:45.302951 70000b489000                Options.report_bg_io_stats: 0
2019/12/13-14:14:45.302952 70000b489000                               Options.ttl: 0
2019/12/13-14:14:45.302953 70000b489000          Options.periodic_compaction_seconds: 0
2019/12/13-14:14:45.302977 70000b489000 [/column_family.cc:482] --------------- Options for column family []:
2019/12/13-14:14:45.302978 70000b489000               Options.comparator: leveldb.BytewiseComparator
2019/12/13-14:14:45.302991 70000b489000           Options.merge_operator: None
2019/12/13-14:14:45.302992 70000b489000        Options.compaction_filter: None
2019/12/13-14:14:45.302993 70000b489000        Options.compaction_filter_factory: None
2019/12/13-14:14:45.302994 70000b489000         Options.memtable_factory: SkipListFactory
2019/12/13-14:14:45.302994 70000b489000            Options.table_factory: BlockBasedTable
2019/12/13-14:14:45.303003 70000b489000            table_factory options:   flush_block_policy_factory: FlushBlockBySizePolicyFactory (0x7f91f80fb700)
  cache_index_and_filter_blocks: 0
  cache_index_and_filter_blocks_with_high_priority: 0
  pin_l0_filter_and_index_blocks_in_cache: 0
  pin_top_level_index_and_filter: 1
  index_type: 0
  data_block_index_type: 0
  index_shortening: 1
  data_block_hash_table_util_ratio: 0.750000
  hash_index_allow_collision: 1
  checksum: 1
  no_block_cache: 0
  block_cache: 0x7f91f80fb748
  block_cache_name: LRUCache
  block_cache_options:
    capacity : 8388608
    num_shard_bits : 4
    strict_capacity_limit : 0
    memory_allocator : None
    high_pri_pool_ratio: 0.000
  block_cache_compressed: 0x0
  persistent_cache: 0x0
  block_size: 4096
  block_size_deviation: 10
  block_restart_interval: 16
  index_block_restart_interval: 1
  metadata_block_size: 4096
  partition_filters: 0
  use_delta_encoding: 1
  filter_policy: nullptr
  whole_key_filtering: 1
  verify_compression: 0
  read_amp_bytes_per_bit: 0
  format_version: 2
  enable_index_compression: 1
  block_align: 0
2019/12/13-14:14:45.303005 70000b489000        Options.write_buffer_size: 67108864
2019/12/13-14:14:45.303006 70000b489000  Options.max_write_buffer_number: 2
2019/12/13-14:14:45.303006 70000b489000          Options.compression: Snappy
2019/12/13-14:14:45.303007 70000b489000                  Options.bottommost_compression: Disabled
2019/12/13-14:14:45.303008 70000b489000       Options.prefix_extractor: nullptr
2019/12/13-14:14:45.303009 70000b489000   Options.memtable_insert_with_hint_prefix_extractor: nullptr
2019/12/13-14:14:45.303010 70000b489000             Options.num_levels: 7
2019/12/13-14:14:45.303010 70000b489000        Options.min_write_buffer_number_to_merge: 1
2019/12/13-14:14:45.303011 70000b489000     Options.max_write_buffer_number_to_maintain: 2
2019/12/13-14:14:45.303012 70000b489000            Options.bottommost_compression_opts.window_bits: -14
2019/12/13-14:14:45.303013 70000b489000                  Options.bottommost_compression_opts.level: 32767
2019/12/13-14:14:45.303014 70000b489000               Options.bottommost_compression_opts.strategy: 0
2019/12/13-14:14:45.303014 70000b489000         Options.bottommost_compression_opts.max_dict_bytes: 0
2019/12/13-14:14:45.303015 70000b489000         Options.bottommost_compression_opts.zstd_max_train_bytes: 0
2019/12/13-14:14:45.303016 70000b489000                  Options.bottommost_compression_opts.enabled: false
2019/12/13-14:14:45.303017 70000b489000            Options.compression_opts.window_bits: -14
2019/12/13-14:14:45.303018 70000b489000                  Options.compression_opts.level: 32767
2019/12/13-14:14:45.303019 70000b489000               Options.compression_opts.strategy: 0
2019/12/13-14:14:45.303019 70000b489000         Options.compression_opts.max_dict_bytes: 0
2019/12/13-14:14:45.303020 70000b489000         Options.compression_opts.zstd_max_train_bytes: 0
2019/12/13-14:14:45.303021 70000b489000                  Options.compression_opts.enabled: false
2019/12/13-14:14:45.303022 70000b489000      Options.level0_file_num_compaction_trigger: 4
2019/12/13-14:14:45.303022 70000b489000          Options.level0_slowdown_writes_trigger: 20
2019/12/13-14:14:45.303023 70000b489000              Options.level0_stop_writes_trigger: 36
2019/12/13-14:14:45.303024 70000b489000                   Options.target_file_size_base: 67108864
2019/12/13-14:14:45.303025 70000b489000             Options.target_file_size_multiplier: 1
2019/12/13-14:14:45.303026 70000b489000                Options.max_bytes_for_level_base: 268435456
2019/12/13-14:14:45.303037 70000b489000                      Options.snap_refresh_nanos: 0
2019/12/13-14:14:45.303039 70000b489000 Options.level_compaction_dynamic_level_bytes: 0
2019/12/13-14:14:45.303039 70000b489000          Options.max_bytes_for_level_multiplier: 10.000000
2019/12/13-14:14:45.303040 70000b489000 Options.max_bytes_for_level_multiplier_addtl[0]: 1
2019/12/13-14:14:45.303041 70000b489000 Options.max_bytes_for_level_multiplier_addtl[1]: 1
2019/12/13-14:14:45.303042 70000b489000 Options.max_bytes_for_level_multiplier_addtl[2]: 1
2019/12/13-14:14:45.303043 70000b489000 Options.max_bytes_for_level_multiplier_addtl[3]: 1
2019/12/13-14:14:45.303044 70000b489000 Options.max_bytes_for_level_multiplier_addtl[4]: 1
2019/12/13-14:14:45.303044 70000b489000 Options.max_bytes_for_level_multiplier_addtl[5]: 1
2019/12/13-14:14:45.303045 70000b489000 Options.max_bytes_for_level_multiplier_addtl[6]: 1
2019/12/13-14:14:45.303046 70000b489000       Options.max_sequential_skip_in_iterations: 8
2019/12/13-14:14:45.303047 70000b489000                    Options.max_compaction_bytes: 1677721600
2019/12/13-14:14:45.303048 70000b489000                        Options.arena_block_size: 8388608
2019/12/13-14:14:45.303048 70000b489000   Options.soft_pending_compaction_bytes_limit: 68719476736
2019/12/13-14:14:45.303049 70000b489000   Options.hard_pending_compaction_bytes_limit: 274877906944
2019/12/13-14:14:45.303050 70000b489000       Options.rate_limit_delay_max_milliseconds: 100
2019/12/13-14:14:45.303051 70000b489000                Options.disable_auto_compactions: 1
2019/12/13-14:14:45.303052 70000b489000                        Options.compaction_style: kCompactionStyleLevel
2019/12/13-14:14:45.303052 70000b489000                          Options.compaction_pri: kMinOverlappingRatio
2019/12/13-14:14:45.303053 70000b489000 Options.compaction_options_universal.size_ratio: 1
2019/12/13-14:14:45.303054 70000b489000 Options.compaction_options_universal.min_merge_width: 2
2019/12/13-14:14:45.303055 70000b489000 Options.compaction_options_universal.max_merge_width: 4294967295
2019/12/13-14:14:45.303056 70000b489000 Options.compaction_options_universal.max_size_amplification_percent: 200
2019/12/13-14:14:45.303056 70000b489000 Options.compaction_options_universal.compression_size_percent: -1
2019/12/13-14:14:45.303057 70000b489000 Options.compaction_options_universal.stop_style: kCompactionStopStyleTotalSize
2019/12/13-14:14:45.303058 70000b489000 Options.compaction_options_fifo.max_table_files_size: 1073741824
2019/12/13-14:14:45.303059 70000b489000 Options.compaction_options_fifo.allow_compaction: 0
2019/12/13-14:14:45.303060 70000b489000                   Options.table_properties_collectors: 
2019/12/13-14:14:45.303060 70000b489000                   Options.inplace_update_support: 0
2019/12/13-14:14:45.303061 70000b489000                 Options.inplace_update_num_locks: 10000
2019/12/13-14:14:45.303062 70000b489000               Options.memtable_prefix_bloom_size_ratio: 0.000000
